CryptonV-1_CGi_1p	LR584233.2	35.016	634	365	15	1	602	12122659	12120803	5.58e-101	349	Takifugu rubripes
CryptonV-1_CGi_1p	LR584233.2	28.119	537	357	12	46	565	16141393	16139819	8.71e-55	213	Takifugu rubripes
CryptonV-1_CGi_1p	LR584233.2	38.889	54	33	0	549	602	1031654	1031815	0.054	49.3	Takifugu rubripes
CryptonV-1_CGi_1p	LR584233.2	37.037	54	34	0	549	602	106962	106801	0.41	46.6	Takifugu rubripes
CryptonV-1_CGi_1p	LR584233.2	37.037	54	34	0	549	602	75366	75205	0.42	46.2	Takifugu rubripes
CryptonV-1_CGi_1p	LR584233.2	37.037	54	34	0	549	602	138577	138416	0.45	46.2	Takifugu rubripes
CryptonV-1_CGi_1p	LR584238.1	34.858	634	366	15	1	602	10473327	10471471	1.59e-100	347	Takifugu rubripes
CryptonV-1_CGi_1p	LR584244.1	35.016	634	365	15	1	602	11820167	11818311	4.57e-101	349	Takifugu rubripes
CryptonV-1_CGi_1p	LR584246.2	35.016	634	365	15	1	602	10979159	10977303	4.57e-101	349	Takifugu rubripes
CryptonV-1_CGi_1p	LR584247.1	35.223	582	348	13	38	602	7257867	7259576	5.77e-96	334	Takifugu rubripes
CryptonV-1_CGi_1p	LR584249.2	35.223	582	348	13	38	602	7633062	7634771	4.64e-96	335	Takifugu rubripes
