CryptonV-1_BTa_1p	LR584233.2	28.342	561	373	13	12	569	12122404	12120800	3.35e-51	206	Takifugu rubripes
CryptonV-1_BTa_1p	LR584233.2	23.091	537	378	16	5	538	16141321	16139807	3.39e-24	122	Takifugu rubripes
CryptonV-1_BTa_1p	LR584238.1	29.055	561	369	14	12	569	10473072	10471468	1.42e-51	207	Takifugu rubripes
CryptonV-1_BTa_1p	LR584244.1	28.342	561	373	13	12	569	11819912	11818308	4.06e-51	206	Takifugu rubripes
CryptonV-1_BTa_1p	LR584246.2	28.342	561	373	13	12	569	10978904	10977300	4.06e-51	206	Takifugu rubripes
CryptonV-1_BTa_1p	LR584247.1	27.986	561	375	14	12	569	7257975	7259579	2.02e-47	194	Takifugu rubripes
CryptonV-1_BTa_1p	LR584248.2	24.733	562	398	11	9	569	790318	791931	7.56e-47	193	Takifugu rubripes
CryptonV-1_BTa_1p	LR584248.2	21.811	541	396	13	34	568	885759	884200	5.32e-23	118	Takifugu rubripes
CryptonV-1_BTa_1p	LR584248.2	22.222	549	371	21	11	553	889589	888093	2.60e-15	93.2	Takifugu rubripes
CryptonV-1_BTa_1p	LR584249.2	27.986	561	375	14	12	569	7633170	7634774	2.21e-47	194	Takifugu rubripes
