PaWa53m.gene.004562|Kirc|CDS|	CU633865.1	41.530	549	244	13	137	629	959478	961061	3.85e-100	347
PaWa53m.gene.004562|Kirc|CDS|	FO904940.1	41.530	549	244	13	137	629	4139554	4141137	3.86e-100	347
PaWa53m.gene.004562|Kirc|CDS|	FO904940.1	63.462	52	19	0	1	52	896329	896174	1.38e-16	71.6
PaWa53m.gene.004562|Kirc|CDS|	FO904940.1	44.681	47	26	0	52	98	896126	895986	1.38e-16	46.2
PaWa53m.gene.004562|Kirc|CDS|	FO904940.1	65.306	49	17	0	1	49	500954	501100	1.51e-08	70.9
PaWa53m.gene.004562|Kirc|CDS|	CP034378.1	47.343	207	102	4	358	558	1612491	1613108	1.81e-71	168
PaWa53m.gene.004562|Kirc|CDS|	CP034378.1	46.610	118	57	2	244	360	1612084	1612422	1.81e-71	106
PaWa53m.gene.004562|Kirc|CDS|	CP034378.1	45.000	60	29	1	189	244	1611824	1612003	1.81e-71	48.5
PaWa53m.gene.004562|Kirc|CDS|	CP034378.1	39.916	238	104	4	10	210	1611102	1611809	6.18e-38	163
PaWa53m.gene.004562|Kirc|CDS|	CP034378.1	50.980	51	22	1	583	630	1613249	1613401	8.94e-07	65.1
PaWa53m.gene.004562|Kirc|CDS|	CP034378.1	30.370	135	72	5	507	623	1645268	1644876	5.07e-04	55.8
PaWa53m.gene.004562|Kirc|CDS|	LR026968.1	44.231	208	99	3	382	589	4136901	4137473	4.01e-60	150
PaWa53m.gene.004562|Kirc|CDS|	LR026968.1	54.902	102	42	1	258	359	4136485	4136778	4.01e-60	106
PaWa53m.gene.004562|Kirc|CDS|	LR026968.1	46.154	26	14	0	358	383	4136831	4136908	4.01e-60	28.5
PaWa53m.gene.004562|Kirc|CDS|	LR026968.1	48.529	68	35	0	1	68	929815	930018	3.05e-05	60.1
PaWa53m.gene.004562|Kirc|CDS|	LR026968.1	52.941	51	24	0	1	51	4313826	4313674	1.96e-04	57.4
PaWa53m.gene.004562|Kirc|CDS|	LR026968.1	50.000	46	23	0	53	98	930021	930158	0.025	50.4
PaWa53m.gene.004562|Kirc|CDS|	AC277307.1	33.978	465	187	14	5	358	28176	26809	1.67e-57	197
PaWa53m.gene.004562|Kirc|CDS|	AC277307.1	79.167	24	5	0	359	382	26741	26670	1.67e-57	46.2
PaWa53m.gene.004562|Kirc|CDS|	AC277307.1	68.182	22	7	0	374	395	26695	26630	1.67e-57	32.7
PaWa53m.gene.004562|Kirc|CDS|	AC277307.1	69.697	33	10	0	598	630	26562	26464	1.24e-07	59.3
PaWa53m.gene.004562|Kirc|CDS|	AC277307.1	47.059	17	9	0	577	593	26626	26576	1.24e-07	28.5
PaWa53m.gene.004562|Kirc|CDS|	AC277102.1	33.978	465	187	14	5	358	14849	16216	1.67e-57	197
PaWa53m.gene.004562|Kirc|CDS|	AC277102.1	79.167	24	5	0	359	382	16284	16355	1.67e-57	46.2
PaWa53m.gene.004562|Kirc|CDS|	AC277102.1	68.182	22	7	0	374	395	16330	16395	1.67e-57	32.7
PaWa53m.gene.004562|Kirc|CDS|	AC277102.1	69.697	33	10	0	598	630	16463	16561	1.24e-07	59.3
PaWa53m.gene.004562|Kirc|CDS|	AC277102.1	47.059	17	9	0	577	593	16399	16449	1.24e-07	28.5
PaWa53m.gene.004562|Kirc|CDS|	DQ493954.1	29.893	281	177	5	362	622	1649	2491	5.71e-48	130
PaWa53m.gene.004562|Kirc|CDS|	DQ493954.1	44.248	113	62	1	244	355	1239	1577	5.71e-48	92.4
PaWa53m.gene.004562|Kirc|CDS|	DQ493954.1	42.029	69	40	0	142	210	768	974	0.009	52.0
PaWa53m.gene.004562|Kirc|CDS|	CP009078.1	29.476	458	241	12	64	445	3556580	3557935	8.04e-39	166
PaWa53m.gene.004562|Kirc|CDS|	CP009078.1	43.590	39	21	1	585	623	3558439	3558552	3.8	43.1
PaWa53m.gene.004562|Kirc|CDS|	CP010982.1	29.476	458	241	12	64	445	2393720	2395075	8.04e-39	166
PaWa53m.gene.004562|Kirc|CDS|	CP010982.1	43.590	39	21	1	585	623	2395579	2395692	3.8	43.1
PaWa53m.gene.004562|Kirc|CDS|	CP010983.1	40.310	129	64	4	243	364	3677373	3677741	1.69e-30	81.6
PaWa53m.gene.004562|Kirc|CDS|	CP010983.1	30.579	121	68	1	138	242	3676960	3677322	1.69e-30	63.9
PaWa53m.gene.004562|Kirc|CDS|	CP010983.1	34.426	61	39	1	65	124	3676697	3676879	1.69e-30	39.3
PaWa53m.gene.004562|Kirc|CDS|	CP010983.1	41.270	126	62	5	500	622	3678308	3678658	1.27e-10	77.4
PaWa53m.gene.004562|Kirc|CDS|	CP009079.1	40.310	129	64	4	243	364	3328623	3328991	2.08e-30	81.6
PaWa53m.gene.004562|Kirc|CDS|	CP009079.1	30.579	121	68	1	138	242	3328210	3328572	2.08e-30	62.8
PaWa53m.gene.004562|Kirc|CDS|	CP009079.1	36.066	61	38	1	65	124	3327947	3328129	2.08e-30	40.4
PaWa53m.gene.004562|Kirc|CDS|	CP009079.1	41.270	126	62	5	500	622	3329558	3329908	2.98e-11	79.3
PaWa53m.gene.004562|Kirc|CDS|	LR026970.1	80.851	47	9	0	3	49	328396	328256	1.09e-29	81.3
PaWa53m.gene.004562|Kirc|CDS|	LR026970.1	64.286	56	20	0	48	103	328211	328044	1.09e-29	80.9
PaWa53m.gene.004562|Kirc|CDS|	AM270275.1	30.144	209	139	2	357	558	42352	42978	3.74e-23	95.9
PaWa53m.gene.004562|Kirc|CDS|	AM270275.1	41.176	51	25	1	583	628	43065	43217	3.74e-23	44.7
PaWa53m.gene.004562|Kirc|CDS|	AM270275.1	26.115	157	101	6	51	200	41240	41686	4.2	43.1
PaWa53m.gene.004562|Kirc|CDS|	CP034375.1	29.048	210	129	3	358	551	1589035	1588418	4.65e-20	66.6
PaWa53m.gene.004562|Kirc|CDS|	CP034375.1	37.143	70	44	0	290	359	1589295	1589086	4.65e-20	50.1
PaWa53m.gene.004562|Kirc|CDS|	CP034375.1	48.485	33	17	0	258	290	1589393	1589295	4.65e-20	33.1
PaWa53m.gene.004562|Kirc|CDS|	FO906407.1	28.253	269	160	6	359	623	30398	29679	6.34e-20	107
PaWa53m.gene.004562|Kirc|CDS|	FP929123.1	28.253	269	160	6	359	623	102760	102041	6.37e-20	107
PaWa53m.gene.004562|Kirc|CDS|	CU633457.1	63.462	52	19	0	1	52	894099	893944	1.42e-16	71.6
PaWa53m.gene.004562|Kirc|CDS|	CU633457.1	44.681	47	26	0	52	98	893896	893756	1.42e-16	46.2
PaWa53m.gene.004562|Kirc|CDS|	CU633457.1	65.306	49	17	0	1	49	498675	498821	1.51e-08	70.9
PaWa53m.gene.004562|Kirc|CDS|	BN001307.1	24.533	428	265	12	253	622	127491	126208	2.47e-16	95.9
PaWa53m.gene.004562|Kirc|CDS|	CP031429.1	23.438	320	169	10	363	622	3602074	3601163	5.25e-14	66.2
PaWa53m.gene.004562|Kirc|CDS|	CP031429.1	35.484	93	56	3	271	360	3602412	3602137	5.25e-14	42.7
PaWa53m.gene.004562|Kirc|CDS|	CP034206.1	29.756	205	129	2	363	558	1837146	1837742	1.79e-13	86.7
PaWa53m.gene.004562|Kirc|CDS|	CP034206.1	43.182	44	22	1	583	623	1837874	1838005	0.036	50.1
PaWa53m.gene.004562|Kirc|CDS|	CP034206.1	45.455	44	21	1	583	623	1731633	1731502	0.70	45.8
PaWa53m.gene.004562|Kirc|CDS|	AP007170.1	23.459	503	295	15	133	558	366302	364833	4.02e-12	82.4
PaWa53m.gene.004562|Kirc|CDS|	CP031441.1	23.459	503	295	15	133	558	4199051	4197582	4.02e-12	82.4
PaWa53m.gene.004562|Kirc|CDS|	CP034204.1	27.317	205	134	2	363	558	222846	222250	5.80e-11	78.6
PaWa53m.gene.004562|Kirc|CDS|	CP034204.1	40.909	44	23	1	583	623	222118	221987	0.15	47.8
PaWa53m.gene.004562|Kirc|CDS|	CP034204.1	38.983	59	36	0	500	558	216844	216668	1.4	44.7
PaWa53m.gene.004562|Kirc|CDS|	CP034204.1	45.455	44	21	1	583	623	216536	216405	1.4	44.7
PaWa53m.gene.004562|Kirc|CDS|	CP034204.1	36.735	49	28	1	583	628	376863	376717	2.0	44.3
PaWa53m.gene.004562|Kirc|CDS|	AP007162.1	23.853	218	132	5	363	558	1151131	1151748	1.19e-10	53.5
PaWa53m.gene.004562|Kirc|CDS|	AP007162.1	36.559	93	55	3	271	360	1150793	1151068	1.19e-10	44.3
PaWa53m.gene.004562|Kirc|CDS|	BN001306.1	32.680	153	75	4	495	628	1095130	1094699	2.72e-10	76.3
PaWa53m.gene.004562|Kirc|CDS|	BN001306.1	31.915	94	64	0	358	451	1095558	1095277	1.27e-05	61.2
PaWa53m.gene.004562|Kirc|CDS|	BN001304.1	27.402	281	164	9	274	517	939400	938567	5.77e-10	75.5
PaWa53m.gene.004562|Kirc|CDS|	CP017344.1	28.440	218	126	5	359	558	4849866	4850483	2.59e-09	73.2
PaWa53m.gene.004562|Kirc|CDS|	FO906018.1	36.634	101	44	2	532	629	829549	829800	2.02e-08	70.5
PaWa53m.gene.004562|Kirc|CDS|	AM920427.1	24.367	316	211	7	271	558	931982	931035	2.36e-08	70.1
PaWa53m.gene.004562|Kirc|CDS|	CP034380.1	23.223	211	144	4	362	558	2292416	2291796	6.60e-05	58.9
PaWa53m.gene.004562|Kirc|CDS|	AM270106.1	36.145	83	53	0	357	439	26705	26457	7.04e-05	58.9
PaWa53m.gene.004562|Kirc|CDS|	AM270106.1	26.115	157	101	6	51	200	27817	27371	4.2	43.1
PaWa53m.gene.004562|Kirc|CDS|	AP007157.1	22.186	311	208	7	293	569	1592728	1593660	2.94e-04	56.6
PaWa53m.gene.004562|Kirc|CDS|	CP031436.1	22.186	311	208	7	293	569	1642219	1643151	2.95e-04	56.6
PaWa53m.gene.004562|Kirc|CDS|	CP031428.1	22.186	311	208	7	293	569	1568183	1569115	2.95e-04	56.6
PaWa53m.gene.004562|Kirc|CDS|	CP017350.1	28.409	176	111	4	407	568	2587243	2586719	4.82e-04	43.1
PaWa53m.gene.004562|Kirc|CDS|	CP017350.1	33.333	42	21	1	588	622	2586603	2586478	4.82e-04	32.3
PaWa53m.gene.004562|Kirc|CDS|	AM920436.1	21.921	406	266	11	266	623	973469	972261	0.003	53.5
PaWa53m.gene.004562|Kirc|CDS|	LT882682.1	26.020	196	136	5	160	351	119113	119685	0.006	52.8
PaWa53m.gene.004562|Kirc|CDS|	LT854279.1	26.020	196	136	5	160	351	121853	122425	0.006	52.8
PaWa53m.gene.004562|Kirc|CDS|	LT853698.1	26.020	196	136	5	160	351	123112	123684	0.006	52.8
PaWa53m.gene.004562|Kirc|CDS|	LT854259.1	26.020	196	136	5	160	351	115229	115801	0.018	50.8
PaWa53m.gene.004562|Kirc|CDS|	CP017828.1	22.785	237	143	6	143	341	1195675	1196379	0.54	46.2
PaWa53m.gene.004562|Kirc|CDS|	LR026967.1	42.373	59	33	1	495	552	3461321	3461497	1.1	45.1
