PaWa53m.gene.004562|Kirc|CDS|	XM_009231473.1	67.559	635	201	2	1	630	202	2106	0.0	895
PaWa53m.gene.004562|Kirc|CDS|	XM_009231472.1	67.559	635	201	2	1	630	202	2106	0.0	895
PaWa53m.gene.004562|Kirc|CDS|	XM_009230426.1	63.927	657	210	3	1	630	1	1971	0.0	865
PaWa53m.gene.004562|Kirc|CDS|	XM_007753254.1	52.987	636	277	6	1	630	1	1860	0.0	656
PaWa53m.gene.004562|Kirc|CDS|	XM_016368326.1	45.991	661	302	14	10	630	435	2372	3.55e-173	540
PaWa53m.gene.004562|Kirc|CDS|	XM_016389253.1	45.083	661	308	13	10	630	60	1997	5.04e-173	535
PaWa53m.gene.004562|Kirc|CDS|	XM_016407572.1	45.142	669	312	13	2	630	400	2361	5.11e-172	536
PaWa53m.gene.004562|Kirc|CDS|	XM_016407573.1	45.142	669	312	13	2	630	400	2361	9.77e-172	536
PaWa53m.gene.004562|Kirc|CDS|	XM_016368325.1	44.058	690	302	15	10	630	435	2459	3.24e-167	525
PaWa53m.gene.004562|Kirc|CDS|	XM_002340568.1	47.510	522	248	11	49	559	1	1521	2.35e-147	446
PaWa53m.gene.004562|Kirc|CDS|	XM_013411239.1	52.796	447	164	8	187	630	292	1500	2.30e-133	417
PaWa53m.gene.004562|Kirc|CDS|	XM_013411239.1	36.559	93	59	0	1	93	1	279	2.20e-10	75.9
PaWa53m.gene.004562|Kirc|CDS|	XM_007725841.1	54.545	396	166	4	237	629	1	1155	1.80e-131	403
PaWa53m.gene.004562|Kirc|CDS|	XM_016412477.1	36.061	660	364	15	1	630	1	1896	2.04e-116	378
PaWa53m.gene.004562|Kirc|CDS|	XM_013462029.1	37.768	654	358	15	1	630	105	1991	6.19e-116	387
PaWa53m.gene.004562|Kirc|CDS|	XM_026757596.1	37.442	649	367	14	4	630	13	1908	5.43e-115	372
PaWa53m.gene.004562|Kirc|CDS|	XM_013459728.1	36.947	655	365	15	1	630	380	2275	2.27e-113	380
PaWa53m.gene.004562|Kirc|CDS|	XM_013462030.1	37.164	670	361	16	1	630	105	2054	5.22e-113	379
PaWa53m.gene.004562|Kirc|CDS|	XM_016412643.1	36.420	648	370	12	3	630	226	2103	1.01e-112	374
PaWa53m.gene.004562|Kirc|CDS|	XM_016374284.1	35.830	681	357	16	1	630	618	2573	4.16e-109	369
PaWa53m.gene.004562|Kirc|CDS|	XM_009159345.1	36.986	657	364	17	1	631	551	2449	1.47e-105	360
PaWa53m.gene.004562|Kirc|CDS|	XM_016374285.1	35.151	697	361	18	1	630	618	2636	1.13e-104	357
PaWa53m.gene.004562|Kirc|CDS|	XM_009231274.1	62.753	247	65	3	1	220	102	842	1.89e-97	313
PaWa53m.gene.004562|Kirc|CDS|	XM_016374289.1	37.897	409	222	9	242	630	1457	2647	6.73e-93	246
PaWa53m.gene.004562|Kirc|CDS|	XM_016374289.1	32.727	275	137	7	1	244	618	1391	6.73e-93	127
PaWa53m.gene.004562|Kirc|CDS|	XM_001904806.1	45.455	396	173	8	237	629	1	1068	1.17e-91	303
PaWa53m.gene.004562|Kirc|CDS|	XM_016374288.1	37.897	409	222	9	242	630	1508	2698	6.99e-90	246
PaWa53m.gene.004562|Kirc|CDS|	XM_016374288.1	31.010	287	143	7	1	244	618	1442	6.99e-90	117
PaWa53m.gene.004562|Kirc|CDS|	XM_016374287.1	37.897	409	222	9	242	630	1520	2710	2.24e-89	246
PaWa53m.gene.004562|Kirc|CDS|	XM_016374287.1	30.584	291	143	7	1	244	618	1454	2.24e-89	115
PaWa53m.gene.004562|Kirc|CDS|	XM_016374286.1	37.897	409	222	9	242	630	1577	2767	6.72e-86	246
PaWa53m.gene.004562|Kirc|CDS|	XM_016374286.1	28.710	310	143	8	1	244	618	1511	6.72e-86	103
PaWa53m.gene.004562|Kirc|CDS|	XM_009231154.1	53.226	248	67	3	1	244	238	846	5.45e-73	246
PaWa53m.gene.004562|Kirc|CDS|	XM_022645668.1	31.644	651	385	21	6	623	40	1911	2.35e-72	262
PaWa53m.gene.004562|Kirc|CDS|	XM_013428219.1	31.336	651	387	21	6	623	40	1911	1.28e-69	254
PaWa53m.gene.004562|Kirc|CDS|	XM_028613248.1	31.689	669	340	22	6	623	7	1815	2.20e-69	252
PaWa53m.gene.004562|Kirc|CDS|	XM_016363979.1	29.403	653	377	18	25	630	64	1911	6.17e-66	244
PaWa53m.gene.004562|Kirc|CDS|	XM_029898449.1	34.272	426	257	8	220	622	397	1674	2.26e-61	230
PaWa53m.gene.004562|Kirc|CDS|	XM_029898449.1	29.032	124	85	2	1	121	1	372	7.62e-04	55.1
PaWa53m.gene.004562|Kirc|CDS|	XM_007829877.1	34.447	479	285	10	70	532	4	1401	1.71e-60	219
PaWa53m.gene.004562|Kirc|CDS|	XM_003067673.1	31.368	475	276	10	1	456	1	1332	4.99e-60	217
PaWa53m.gene.004562|Kirc|CDS|	XM_029898417.1	34.715	386	235	7	247	622	55	1191	2.09e-59	222
PaWa53m.gene.004562|Kirc|CDS|	XM_016413022.1	29.394	660	390	21	1	630	172	2013	3.09e-58	222
PaWa53m.gene.004562|Kirc|CDS|	XM_016413431.1	31.008	645	340	26	6	625	40	1734	8.57e-58	220
PaWa53m.gene.004562|Kirc|CDS|	XM_008715591.1	28.365	624	388	18	26	621	88	1866	8.77e-58	220
PaWa53m.gene.004562|Kirc|CDS|	XM_002543874.1	32.347	473	256	10	187	630	31	1344	5.07e-56	210
PaWa53m.gene.004562|Kirc|CDS|	XM_003719363.1	35.849	371	229	6	142	504	193	1302	1.28e-55	206
PaWa53m.gene.004562|Kirc|CDS|	XM_007827954.2	27.113	627	404	16	26	622	112	1923	5.38e-55	213
PaWa53m.gene.004562|Kirc|CDS|	XM_008723381.1	27.896	613	380	19	31	621	100	1818	1.93e-54	211
PaWa53m.gene.004562|Kirc|CDS|	XM_008715590.1	28.571	637	378	20	31	621	100	1917	6.51e-54	210
PaWa53m.gene.004562|Kirc|CDS|	XM_003712988.1	31.760	466	266	10	92	547	213	1484	1.97e-52	198
PaWa53m.gene.004562|Kirc|CDS|	XM_001540747.1	26.316	665	396	20	21	628	778	2661	6.90e-51	201
PaWa53m.gene.004562|Kirc|CDS|	XM_025573818.1	27.982	654	393	22	27	628	178	2061	8.39e-50	196
PaWa53m.gene.004562|Kirc|CDS|	XM_001259040.1	28.092	655	379	19	24	628	46	1884	8.56e-50	195
PaWa53m.gene.004562|Kirc|CDS|	XM_009654905.1	30.415	434	254	9	18	445	67	1242	8.85e-48	188
PaWa53m.gene.004562|Kirc|CDS|	XM_009654905.1	40.816	49	28	1	574	622	1483	1626	0.007	51.6
PaWa53m.gene.004562|Kirc|CDS|	XM_026755407.1	26.769	650	401	17	27	628	55	1923	2.61e-47	189
PaWa53m.gene.004562|Kirc|CDS|	XM_002341274.1	38.078	281	133	7	41	313	49	792	1.36e-46	176
PaWa53m.gene.004562|Kirc|CDS|	XM_024823563.1	26.852	648	390	19	27	628	55	1884	6.02e-44	178
PaWa53m.gene.004562|Kirc|CDS|	XM_008715535.1	30.303	396	237	13	237	621	13	1116	1.86e-40	169
PaWa53m.gene.004562|Kirc|CDS|	XM_020199823.1	27.019	644	390	21	27	628	52	1869	2.37e-40	168
PaWa53m.gene.004562|Kirc|CDS|	XM_026768870.1	27.461	579	341	15	105	628	43	1707	5.95e-40	166
PaWa53m.gene.004562|Kirc|CDS|	XM_025702534.1	26.125	578	350	14	105	628	43	1707	1.17e-39	165
PaWa53m.gene.004562|Kirc|CDS|	XM_002478120.1	24.811	661	395	21	43	628	109	2010	9.97e-39	164
PaWa53m.gene.004562|Kirc|CDS|	XM_001538759.1	32.587	402	202	9	1	359	1	1128	1.08e-38	163
PaWa53m.gene.004562|Kirc|CDS|	XM_001538759.1	33.544	158	89	3	479	630	1276	1719	2.31e-15	91.7
PaWa53m.gene.004562|Kirc|CDS|	XM_025603920.1	26.232	568	348	17	105	628	43	1665	3.26e-38	161
PaWa53m.gene.004562|Kirc|CDS|	XM_008712356.1	29.567	416	255	12	142	535	64	1263	1.31e-36	153
PaWa53m.gene.004562|Kirc|CDS|	XM_024467282.1	27.603	413	252	11	19	426	82	1194	1.80e-35	149
PaWa53m.gene.004562|Kirc|CDS|	XM_013417319.1	34.276	283	154	6	368	630	1	813	2.30e-35	147
PaWa53m.gene.004562|Kirc|CDS|	XM_016413426.1	29.167	408	235	13	245	628	19	1152	1.43e-33	149
PaWa53m.gene.004562|Kirc|CDS|	XM_001395680.2	25.174	576	381	13	27	558	58	1767	1.64e-33	147
PaWa53m.gene.004562|Kirc|CDS|	XM_002382686.1	28.226	496	307	14	105	558	106	1572	2.08e-32	142
PaWa53m.gene.004562|Kirc|CDS|	XM_002582169.1	26.857	525	344	16	27	519	64	1614	2.53e-32	143
PaWa53m.gene.004562|Kirc|CDS|	XM_003238476.1	30.748	361	197	9	187	508	7	1047	4.15e-32	138
PaWa53m.gene.004562|Kirc|CDS|	XM_016412786.1	61.321	106	38	1	141	246	633	941	6.84e-32	137
PaWa53m.gene.004562|Kirc|CDS|	XM_016412786.1	40.964	83	49	0	1	83	361	609	1.43e-11	77.8
PaWa53m.gene.004562|Kirc|CDS|	XM_016412976.1	30.000	370	237	12	267	628	1	1068	5.54e-30	138
PaWa53m.gene.004562|Kirc|CDS|	XM_002623505.1	25.984	508	247	14	127	558	58	1422	5.94e-30	136
PaWa53m.gene.004562|Kirc|CDS|	XM_024910663.1	25.781	384	245	8	270	622	1	1125	1.52e-29	135
PaWa53m.gene.004562|Kirc|CDS|	XM_008723354.1	28.448	348	203	9	289	621	16	966	5.78e-29	134
PaWa53m.gene.004562|Kirc|CDS|	XM_014098613.1	26.410	390	239	12	266	622	1	1125	1.40e-28	132
PaWa53m.gene.004562|Kirc|CDS|	XM_018213783.1	28.571	336	181	8	191	518	394	1248	2.25e-28	129
PaWa53m.gene.004562|Kirc|CDS|	XM_018328397.1	25.897	390	242	9	257	623	28	1125	6.99e-28	130
PaWa53m.gene.004562|Kirc|CDS|	XM_016413223.1	29.412	357	217	14	6	345	40	1056	3.11e-27	124
PaWa53m.gene.004562|Kirc|CDS|	XM_008718587.1	24.626	601	387	18	58	629	247	1938	1.43e-26	127
PaWa53m.gene.004562|Kirc|CDS|	XM_013411384.1	24.958	593	384	15	64	623	277	1971	4.12e-26	125
PaWa53m.gene.004562|Kirc|CDS|	XM_023236837.1	25.885	537	329	16	138	623	178	1734	3.49e-25	122
PaWa53m.gene.004562|Kirc|CDS|	XM_029893969.1	29.603	277	168	5	359	622	34	822	3.41e-24	119
PaWa53m.gene.004562|Kirc|CDS|	XM_001262552.1	26.398	447	280	14	27	433	55	1368	3.68e-24	117
PaWa53m.gene.004562|Kirc|CDS|	XM_013411320.1	24.422	606	379	21	64	627	268	1974	7.51e-24	119
PaWa53m.gene.004562|Kirc|CDS|	XM_029898445.1	29.496	278	169	5	359	623	34	825	7.69e-24	118
PaWa53m.gene.004562|Kirc|CDS|	XM_007743939.1	23.398	671	422	22	13	627	58	1962	1.86e-23	117
PaWa53m.gene.004562|Kirc|CDS|	XM_655827.1	23.883	582	345	18	27	565	55	1635	2.05e-23	116
PaWa53m.gene.004562|Kirc|CDS|	XM_009654504.1	26.485	404	174	9	64	445	154	1062	2.40e-23	116
PaWa53m.gene.004562|Kirc|CDS|	XM_002845460.1	34.274	248	120	6	138	359	535	1227	3.47e-23	115
PaWa53m.gene.004562|Kirc|CDS|	XM_002845460.1	45.161	31	17	0	600	630	1264	1356	5.4	42.4
PaWa53m.gene.004562|Kirc|CDS|	XM_024864017.1	22.667	450	285	9	206	623	649	1905	7.06e-23	115
PaWa53m.gene.004562|Kirc|CDS|	XM_013425259.1	52.083	96	45	1	298	393	58	342	1.15e-21	107
PaWa53m.gene.004562|Kirc|CDS|	XM_003709484.1	28.188	298	179	7	347	627	121	960	2.09e-21	109
PaWa53m.gene.004562|Kirc|CDS|	XM_007807465.1	22.815	675	441	20	1	623	1	1941	2.56e-21	111
PaWa53m.gene.004562|Kirc|CDS|	XM_003711103.1	28.367	349	235	8	222	558	385	1422	3.21e-21	108
PaWa53m.gene.004562|Kirc|CDS|	XM_003188642.1	24.944	449	294	11	27	438	58	1386	4.18e-21	108
PaWa53m.gene.004562|Kirc|CDS|	XM_025721902.1	22.821	631	349	21	27	628	43	1608	2.66e-20	107
PaWa53m.gene.004562|Kirc|CDS|	XM_018843407.1	45.217	115	59	4	244	356	7	345	4.20e-20	97.8
PaWa53m.gene.004562|Kirc|CDS|	XM_002626516.1	32.271	251	135	6	1	251	1	648	2.46e-19	103
PaWa53m.gene.004562|Kirc|CDS|	XM_002626516.1	40.164	122	71	2	317	436	676	1041	1.16e-12	82.4
PaWa53m.gene.004562|Kirc|CDS|	XM_677192.1	25.182	548	357	18	51	562	280	1872	5.12e-19	103
PaWa53m.gene.004562|Kirc|CDS|	XM_007744546.1	23.232	594	396	22	59	623	247	1935	7.88e-19	103
PaWa53m.gene.004562|Kirc|CDS|	XM_007811407.1	28.261	276	176	6	362	622	694	1500	1.14e-18	102
PaWa53m.gene.004562|Kirc|CDS|	XM_001540760.1	23.160	557	358	15	83	622	214	1725	3.41e-18	100
PaWa53m.gene.004562|Kirc|CDS|	XM_026758857.1	25.000	380	260	8	261	622	28	1146	3.54e-18	100
PaWa53m.gene.004562|Kirc|CDS|	XM_016412943.1	32.719	217	129	6	335	536	22	666	2.14e-17	93.6
PaWa53m.gene.004562|Kirc|CDS|	XM_008718723.1	25.459	381	236	11	266	622	859	1929	2.81e-17	98.2
PaWa53m.gene.004562|Kirc|CDS|	XM_026760955.1	29.771	262	158	6	340	591	1468	2205	3.39e-17	98.2
PaWa53m.gene.004562|Kirc|CDS|	XM_026760955.1	23.398	359	220	14	27	346	55	1083	1.30e-07	67.4
PaWa53m.gene.004562|Kirc|CDS|	XM_026760955.1	38.806	67	39	1	494	558	1249	1449	0.14	47.8
PaWa53m.gene.004562|Kirc|CDS|	XM_028630523.1	23.016	630	429	21	23	622	355	2166	3.93e-17	97.8
PaWa53m.gene.004562|Kirc|CDS|	XM_022633426.1	31.651	218	133	5	245	448	214	861	2.05e-16	93.6
PaWa53m.gene.004562|Kirc|CDS|	XM_022633426.1	48.000	50	21	2	583	628	1092	1238	0.010	50.8
PaWa53m.gene.004562|Kirc|CDS|	XM_024844413.1	22.479	605	378	19	58	623	223	1881	3.25e-16	94.4
PaWa53m.gene.004562|Kirc|CDS|	XM_022635200.1	24.403	377	256	8	266	623	238	1338	8.82e-16	93.2
PaWa53m.gene.004562|Kirc|CDS|	XM_001262574.1	23.209	349	244	6	298	623	937	1980	7.45e-14	87.0
PaWa53m.gene.004562|Kirc|CDS|	XM_018905224.1	23.747	379	251	12	267	622	972	2063	8.65e-14	87.0
PaWa53m.gene.004562|Kirc|CDS|	XM_016383333.1	24.126	601	387	22	64	627	259	1965	1.13e-13	86.7
PaWa53m.gene.004562|Kirc|CDS|	XM_022659061.1	35.652	115	67	1	1	108	1	345	1.58e-13	79.0
PaWa53m.gene.004562|Kirc|CDS|	XM_023597779.1	26.730	318	210	12	144	453	424	1332	8.40e-13	83.2
PaWa53m.gene.004562|Kirc|CDS|	XM_008714321.1	29.054	148	103	1	1	148	1	438	8.56e-13	78.2
PaWa53m.gene.004562|Kirc|CDS|	XM_007719963.1	29.524	315	206	9	120	429	391	1302	1.27e-12	83.6
PaWa53m.gene.004562|Kirc|CDS|	XM_002622296.1	22.917	384	238	11	181	539	568	1620	1.54e-12	82.8
PaWa53m.gene.004562|Kirc|CDS|	XM_025700783.1	22.260	593	393	20	65	622	256	1935	2.83e-12	82.4
PaWa53m.gene.004562|Kirc|CDS|	XM_001544417.1	23.022	278	204	5	181	449	577	1407	1.03e-11	80.1
PaWa53m.gene.004562|Kirc|CDS|	XM_007695680.1	31.276	243	158	6	190	429	22	732	1.19e-11	79.3
PaWa53m.gene.004562|Kirc|CDS|	XM_015845588.1	23.022	278	204	5	181	449	490	1320	1.40e-11	80.1
PaWa53m.gene.004562|Kirc|CDS|	XM_018326846.1	34.940	83	54	0	359	441	398	646	1.90e-11	54.7
PaWa53m.gene.004562|Kirc|CDS|	XM_018326846.1	27.000	100	72	1	257	355	28	327	1.90e-11	46.2
PaWa53m.gene.004562|Kirc|CDS|	XM_014218891.1	30.041	243	161	6	190	429	22	732	2.90e-11	78.2
PaWa53m.gene.004562|Kirc|CDS|	XM_012358580.1	36.066	122	63	2	506	622	133	468	4.01e-11	76.3
PaWa53m.gene.004562|Kirc|CDS|	XM_001539829.1	21.622	296	200	6	181	444	574	1461	5.45e-11	77.8
PaWa53m.gene.004562|Kirc|CDS|	XM_022428754.1	23.441	401	267	13	243	623	751	1893	6.75e-11	77.8
PaWa53m.gene.004562|Kirc|CDS|	XM_001536790.1	24.088	274	191	6	181	444	574	1374	7.27e-11	77.4
PaWa53m.gene.004562|Kirc|CDS|	XM_008024437.1	28.517	263	179	6	181	440	1	771	8.87e-11	76.6
PaWa53m.gene.004562|Kirc|CDS|	XM_018289941.2	22.184	586	386	21	64	623	268	1893	1.52e-10	76.6
PaWa53m.gene.004562|Kirc|CDS|	XM_018843408.1	28.743	167	105	5	8	167	16	495	1.65e-10	71.2
PaWa53m.gene.004562|Kirc|CDS|	XM_009232225.1	49.057	53	27	0	578	630	25	183	2.53e-10	75.1
PaWa53m.gene.004562|Kirc|CDS|	XM_001589586.1	23.846	390	275	10	40	420	91	1221	5.24e-10	74.3
PaWa53m.gene.004562|Kirc|CDS|	XM_003714873.1	27.119	236	160	6	222	448	469	1167	5.27e-10	73.9
PaWa53m.gene.004562|Kirc|CDS|	XM_743483.1	22.133	375	220	7	261	623	469	1413	6.58e-10	74.3
PaWa53m.gene.004562|Kirc|CDS|	XM_001259107.1	27.500	200	121	5	437	628	16	567	1.37e-09	70.9
PaWa53m.gene.004562|Kirc|CDS|	XM_001536691.1	22.993	274	194	6	181	444	574	1374	1.96e-09	72.8
PaWa53m.gene.004562|Kirc|CDS|	XM_024831099.1	31.915	141	77	3	495	628	190	576	3.14e-09	70.5
PaWa53m.gene.004562|Kirc|CDS|	XM_024470639.1	23.785	391	260	14	34	412	160	1254	3.41e-09	72.0
PaWa53m.gene.004562|Kirc|CDS|	XM_018278870.1	23.274	391	262	13	34	412	70	1164	6.61e-09	70.5
PaWa53m.gene.004562|Kirc|CDS|	XM_007805598.1	43.011	93	44	2	414	503	16	276	7.28e-09	64.3
PaWa53m.gene.004562|Kirc|CDS|	XM_029903899.1	25.890	309	210	11	115	418	43	927	1.05e-08	68.9
PaWa53m.gene.004562|Kirc|CDS|	XM_013398564.1	49.206	63	32	0	177	239	1	189	2.18e-08	62.0
PaWa53m.gene.004562|Kirc|CDS|	XM_025633778.1	20.868	599	413	19	54	622	277	1980	2.36e-08	69.7
PaWa53m.gene.004562|Kirc|CDS|	XM_014706232.1	27.083	288	173	10	159	445	469	1224	4.72e-08	68.2
PaWa53m.gene.004562|Kirc|CDS|	XM_001244533.2	21.978	273	203	5	181	444	568	1383	6.19e-08	68.2
PaWa53m.gene.004562|Kirc|CDS|	XM_026759986.1	22.761	536	351	19	52	558	226	1731	1.16e-07	67.4
PaWa53m.gene.004562|Kirc|CDS|	XM_026754671.1	26.500	200	143	2	261	456	4579	5178	1.67e-07	67.0
PaWa53m.gene.004562|Kirc|CDS|	XM_744746.2	20.430	372	248	8	279	622	814	1869	1.74e-07	66.6
PaWa53m.gene.004562|Kirc|CDS|	XM_001539821.1	21.429	392	253	8	181	518	616	1788	1.93e-07	66.2
PaWa53m.gene.004562|Kirc|CDS|	XM_022652979.1	22.589	394	251	10	64	448	370	1416	3.42e-07	65.5
PaWa53m.gene.004562|Kirc|CDS|	XM_009224629.1	44.681	47	26	0	584	630	223	363	5.42e-07	64.3
PaWa53m.gene.004562|Kirc|CDS|	XM_007721858.1	23.476	328	211	7	266	581	112	1011	9.31e-07	63.2
PaWa53m.gene.004562|Kirc|CDS|	XM_003850521.1	24.514	257	184	6	160	412	391	1143	1.59e-06	62.8
PaWa53m.gene.004562|Kirc|CDS|	XM_022542244.1	22.623	305	213	4	266	553	61	957	2.75e-06	61.6
PaWa53m.gene.004562|Kirc|CDS|	XM_003238475.1	47.273	55	26	1	579	630	52	216	2.89e-06	58.9
PaWa53m.gene.004562|Kirc|CDS|	XM_013409218.1	51.923	52	22	1	583	631	15	170	3.36e-06	61.6
PaWa53m.gene.004562|Kirc|CDS|	XM_018208513.1	46.000	50	24	1	583	629	25	174	5.25e-06	56.6
PaWa53m.gene.004562|Kirc|CDS|	XM_002557239.1	28.800	125	60	2	499	623	1099	1386	9.01e-06	60.8
PaWa53m.gene.004562|Kirc|CDS|	XM_028656437.1	24.151	265	185	6	146	398	418	1200	1.00e-05	60.8
PaWa53m.gene.004562|Kirc|CDS|	XM_016413427.1	26.360	239	142	12	18	241	78	737	1.02e-05	58.9
PaWa53m.gene.004562|Kirc|CDS|	XM_011125698.1	25.168	298	182	11	181	441	895	1776	1.11e-05	60.8
PaWa53m.gene.004562|Kirc|CDS|	XM_014679582.1	24.603	252	176	3	319	558	25	774	1.21e-05	58.9
PaWa53m.gene.004562|Kirc|CDS|	XM_024831737.1	28.671	143	77	3	294	433	577	939	1.50e-05	59.3
PaWa53m.gene.004562|Kirc|CDS|	XM_023233706.1	21.549	297	206	4	279	558	109	969	1.51e-05	59.3
PaWa53m.gene.004562|Kirc|CDS|	XM_018843542.1	33.058	121	78	3	241	359	97	456	2.13e-05	56.6
PaWa53m.gene.004562|Kirc|CDS|	XM_002628115.1	21.914	324	205	8	259	539	688	1644	2.91e-05	59.3
PaWa53m.gene.004562|Kirc|CDS|	XM_025632746.1	20.367	599	417	19	54	622	247	1953	3.77e-05	59.3
PaWa53m.gene.004562|Kirc|CDS|	XM_016413428.1	31.008	129	66	2	30	135	97	483	3.78e-05	55.8
PaWa53m.gene.004562|Kirc|CDS|	XM_008722776.1	29.245	106	74	1	347	451	7	324	6.08e-05	54.3
PaWa53m.gene.004562|Kirc|CDS|	XM_025686814.1	30.370	135	65	3	506	628	4	357	8.35e-05	55.8
PaWa53m.gene.004562|Kirc|CDS|	XM_001540724.1	21.827	197	138	6	257	444	460	1029	1.77e-04	52.4
PaWa53m.gene.004562|Kirc|CDS|	XM_001540724.1	46.429	28	15	0	192	219	284	367	1.77e-04	25.0
PaWa53m.gene.004562|Kirc|CDS|	XM_018385130.1	28.155	103	66	2	523	622	376	669	2.35e-04	56.6
PaWa53m.gene.004562|Kirc|CDS|	XM_014680389.1	48.936	47	19	2	583	625	58	195	2.83e-04	53.1
PaWa53m.gene.004562|Kirc|CDS|	XM_007834511.1	24.800	250	173	9	197	440	595	1317	4.23e-04	55.8
PaWa53m.gene.004562|Kirc|CDS|	XM_007720338.1	27.368	190	129	6	129	316	403	951	4.38e-04	54.7
PaWa53m.gene.004562|Kirc|CDS|	XM_008027412.1	26.484	219	153	7	188	402	154	798	4.92e-04	55.1
PaWa53m.gene.004562|Kirc|CDS|	XM_001935282.1	21.739	276	192	8	190	454	970	1758	4.95e-04	55.5
PaWa53m.gene.004562|Kirc|CDS|	XM_001259108.1	23.871	310	198	12	27	307	55	957	5.29e-04	54.3
PaWa53m.gene.004562|Kirc|CDS|	XM_014682665.1	29.452	146	92	2	424	558	37	474	5.65e-04	52.4
PaWa53m.gene.004562|Kirc|CDS|	XM_028633791.1	53.191	47	22	0	150	196	1276	1416	6.19e-04	54.7
PaWa53m.gene.004562|Kirc|CDS|	XM_016746690.1	46.939	49	23	1	583	628	348	494	6.49e-04	52.4
PaWa53m.gene.004562|Kirc|CDS|	XM_003847361.1	21.351	370	265	12	91	451	58	1116	6.56e-04	55.1
PaWa53m.gene.004562|Kirc|CDS|	XM_007310642.1	21.860	430	283	12	58	451	247	1485	7.92e-04	55.1
PaWa53m.gene.004562|Kirc|CDS|	XM_007700704.1	21.377	276	193	9	190	454	985	1773	0.001	54.3
PaWa53m.gene.004562|Kirc|CDS|	XM_013425306.1	24.615	195	139	4	271	457	877	1461	0.002	53.5
PaWa53m.gene.004562|Kirc|CDS|	XM_024467131.1	23.171	246	172	9	205	440	1333	2049	0.002	53.5
PaWa53m.gene.004562|Kirc|CDS|	XM_008605203.1	22.677	269	180	9	261	517	787	1545	0.004	52.8
PaWa53m.gene.004562|Kirc|CDS|	XM_003719362.1	42.308	52	30	0	507	558	1	156	0.005	51.6
PaWa53m.gene.004562|Kirc|CDS|	XM_002628114.1	21.834	229	152	7	188	402	4	651	0.006	51.6
PaWa53m.gene.004562|Kirc|CDS|	XM_018222678.1	24.161	149	110	3	248	396	340	777	0.022	49.7
PaWa53m.gene.004562|Kirc|CDS|	XM_003708698.1	24.096	249	151	9	224	449	1172	1873	0.026	50.1
PaWa53m.gene.004562|Kirc|CDS|	XM_029897431.1	24.096	249	151	9	224	449	999	1700	0.027	50.1
PaWa53m.gene.004562|Kirc|CDS|	XM_018326847.1	38.636	44	24	1	583	623	73	204	0.030	49.3
PaWa53m.gene.004562|Kirc|CDS|	XM_007862061.1	26.590	173	111	6	235	398	13	510	0.087	47.4
PaWa53m.gene.004562|Kirc|CDS|	XM_024813477.1	28.571	126	83	4	498	622	433	792	0.11	47.8
PaWa53m.gene.004562|Kirc|CDS|	XM_024813477.1	27.711	83	60	0	373	455	14	262	4.4	42.7
PaWa53m.gene.004562|Kirc|CDS|	XM_003238477.1	28.455	123	82	4	3	121	145	507	0.20	45.4
PaWa53m.gene.004562|Kirc|CDS|	XM_029349131.1	28.829	111	62	5	89	191	2450	2755	0.21	47.0
PaWa53m.gene.004562|Kirc|CDS|	XM_014702244.1	27.273	154	107	4	189	339	331	786	0.28	45.8
PaWa53m.gene.004562|Kirc|CDS|	XM_007717891.1	28.025	157	108	4	189	342	331	795	0.33	45.8
PaWa53m.gene.004562|Kirc|CDS|	XM_024825303.1	27.679	112	72	4	27	130	55	387	0.44	43.5
PaWa53m.gene.004562|Kirc|CDS|	XM_001942193.1	23.889	180	132	4	160	336	244	777	0.62	44.7
PaWa53m.gene.004562|Kirc|CDS|	XM_023235679.1	22.222	207	152	3	372	569	52	672	0.67	43.9
PaWa53m.gene.004562|Kirc|CDS|	XM_026763810.1	25.000	272	161	12	200	444	1526	2293	2.0	43.9
PaWa53m.gene.004562|Kirc|CDS|	XM_023238513.1	23.176	233	145	5	324	534	40	702	2.1	43.1
PaWa53m.gene.004562|Kirc|CDS|	XM_013491157.1	27.230	213	119	10	251	454	916	1473	2.8	43.5
PaWa53m.gene.004562|Kirc|CDS|	XM_003066365.1	44.262	61	32	1	500	558	160	342	3.1	40.4
PaWa53m.gene.004562|Kirc|CDS|	XM_001537689.1	25.000	72	54	0	380	451	46	261	4.1	39.3
PaWa53m.gene.004562|Kirc|CDS|	XM_022730199.1	26.244	221	132	9	200	399	1030	1662	4.5	42.7
PaWa53m.gene.004562|Kirc|CDS|	XM_018309372.1	31.915	94	50	5	269	351	433	705	5.8	41.6
PaWa53m.gene.004562|Kirc|CDS|	XM_001259052.1	24.803	254	138	10	144	346	64	819	6.5	42.0
