CryptonV-11_CFl_1p	LR633944.1	29.554	538	352	11	91	620	14421082	14419526	1.19e-55	216	Gadus morhua
CryptonV-11_CFl_1p	LR633944.1	28.136	558	373	11	72	620	14799871	14801487	9.07e-55	213	Gadus morhua
CryptonV-11_CFl_1p	LR633944.1	28.164	561	368	11	72	620	13799802	13801415	2.93e-53	209	Gadus morhua
CryptonV-11_CFl_1p	LR633944.1	28.979	421	270	10	97	505	14711774	14712985	1.19e-42	127	Gadus morhua
CryptonV-11_CFl_1p	LR633944.1	39.655	116	68	2	511	626	14713003	14713344	1.19e-42	78.6	Gadus morhua
CryptonV-11_CFl_1p	LR633944.1	28.571	252	165	4	369	620	14811648	14812358	2.51e-35	108	Gadus morhua
CryptonV-11_CFl_1p	LR633944.1	28.070	171	110	5	171	333	14811046	14811543	2.51e-35	64.3	Gadus morhua
CryptonV-11_CFl_1p	LR633944.1	33.962	53	34	1	101	152	14810838	14810996	2.51e-35	28.9	Gadus morhua
CryptonV-11_CFl_1p	LR633944.1	48.000	75	39	0	546	620	14850507	14850731	1.99e-11	80.1	Gadus morhua
CryptonV-11_CFl_1p	LR633944.1	32.000	125	82	2	408	531	14396448	14396816	1.61e-08	47.8	Gadus morhua
CryptonV-11_CFl_1p	LR633944.1	35.938	64	38	1	535	598	14396834	14397016	1.61e-08	43.1	Gadus morhua
CryptonV-11_CFl_1p	LR633944.1	29.187	209	137	6	91	292	14395576	14396190	1.35e-06	64.3	Gadus morhua
CryptonV-11_CFl_1p	LR633944.1	28.448	116	76	3	428	543	14848330	14848656	0.039	49.7	Gadus morhua
CryptonV-11_CFl_1p	LR633955.1	30.690	580	360	12	54	620	27586605	27584953	6.92e-55	214	Gadus morhua
CryptonV-11_CFl_1p	LR633955.1	28.386	539	359	12	90	620	26710532	26708973	2.40e-52	206	Gadus morhua
CryptonV-11_CFl_1p	LR633955.1	35.060	251	145	5	373	620	23544995	23545702	1.94e-28	127	Gadus morhua
CryptonV-11_CFl_1p	LR633955.1	28.000	50	36	0	284	333	23544729	23544878	1.94e-28	30.8	Gadus morhua
CryptonV-11_CFl_1p	LR633955.1	39.655	116	69	1	505	620	27529705	27529361	1.94e-22	90.1	Gadus morhua
CryptonV-11_CFl_1p	LR633955.1	33.333	105	66	2	404	506	27530009	27529701	1.94e-22	47.8	Gadus morhua
CryptonV-11_CFl_1p	LR633955.1	25.794	252	166	9	94	333	23395770	23396498	5.32e-22	78.2	Gadus morhua
CryptonV-11_CFl_1p	LR633955.1	28.313	166	104	4	369	532	23396605	23397063	5.32e-22	58.2	Gadus morhua
CryptonV-11_CFl_1p	LR633955.1	40.659	91	51	1	530	620	23399127	23399390	1.28e-09	74.3	Gadus morhua
CryptonV-11_CFl_1p	LR633955.1	24.409	254	152	7	58	290	27531016	27530312	0.010	51.6	Gadus morhua
CryptonV-11_CFl_1p	LR633962.1	28.699	561	371	12	65	620	14465745	14467355	2.14e-57	221	Gadus morhua
CryptonV-11_CFl_1p	LR633962.1	26.679	536	339	14	94	606	7764619	7766133	6.58e-38	163	Gadus morhua
CryptonV-11_CFl_1p	LR633964.1	28.877	561	370	12	65	620	1370404	1368794	5.51e-58	223	Gadus morhua
