CryptonV-12_CFl_1p	LR633944.1	25.554	677	397	15	45	710	14421145	14419403	2.69e-49	199	Gadus morhua
CryptonV-12_CFl_1p	LR633944.1	24.755	715	412	16	5	688	14799679	14801538	2.23e-48	197	Gadus morhua
CryptonV-12_CFl_1p	LR633944.1	25.387	646	373	15	56	688	13799817	13801466	4.05e-45	187	Gadus morhua
CryptonV-12_CFl_1p	LR633944.1	24.449	499	291	9	63	558	14711747	14712994	2.01e-39	122	Gadus morhua
CryptonV-12_CFl_1p	LR633944.1	35.938	128	79	2	561	688	14713003	14713377	2.01e-39	72.8	Gadus morhua
CryptonV-12_CFl_1p	LR633944.1	28.462	260	154	3	431	690	14811732	14812415	2.08e-20	109	Gadus morhua
CryptonV-12_CFl_1p	LR633944.1	31.164	292	156	12	2	279	14395390	14396172	1.02e-15	94.4	Gadus morhua
CryptonV-12_CFl_1p	LR633944.1	27.333	150	83	2	431	580	14396442	14396813	3.52e-08	54.7	Gadus morhua
CryptonV-12_CFl_1p	LR633944.1	34.848	66	39	1	585	650	14396834	14397019	3.52e-08	35.0	Gadus morhua
CryptonV-12_CFl_1p	LR633944.1	37.374	99	58	1	594	688	14850486	14850782	1.99e-07	67.4	Gadus morhua
CryptonV-12_CFl_1p	LR633944.1	25.161	155	74	3	463	607	14848360	14848728	6.31e-05	59.3	Gadus morhua
CryptonV-12_CFl_1p	LR633944.1	42.593	54	31	0	76	129	14810838	14810999	4.8	43.1	Gadus morhua
CryptonV-12_CFl_1p	LR633946.1	27.848	632	340	16	71	688	41540394	41541983	4.02e-50	202	Gadus morhua
CryptonV-12_CFl_1p	LR633946.1	25.361	623	367	13	73	690	17818077	17819666	6.75e-43	180	Gadus morhua
CryptonV-12_CFl_1p	LR633948.1	24.923	646	376	13	56	688	27575254	27576903	2.16e-46	191	Gadus morhua
CryptonV-12_CFl_1p	LR633948.1	27.377	610	354	12	47	653	24358980	24357409	4.13e-46	188	Gadus morhua
CryptonV-12_CFl_1p	LR633948.1	25.000	52	39	0	656	707	24357403	24357248	4.13e-46	28.9	Gadus morhua
CryptonV-12_CFl_1p	LR633948.1	25.344	726	429	17	7	708	7552842	7554752	1.33e-45	188	Gadus morhua
CryptonV-12_CFl_1p	LR633950.1	28.006	632	339	16	71	688	22851515	22853104	2.71e-50	202	Gadus morhua
CryptonV-12_CFl_1p	LR633950.1	30.357	280	162	3	431	708	26168117	26167371	4.55e-27	130	Gadus morhua
CryptonV-12_CFl_1p	LR633950.1	30.116	259	149	4	431	688	28202307	28201624	6.56e-27	130	Gadus morhua
CryptonV-12_CFl_1p	LR633950.1	29.070	258	152	3	431	688	12097319	12097999	6.01e-26	127	Gadus morhua
CryptonV-12_CFl_1p	LR633950.1	30.233	258	149	2	431	688	23481393	23480713	1.93e-24	122	Gadus morhua
CryptonV-12_CFl_1p	LR633950.1	27.174	276	184	6	43	316	28203309	28202527	1.03e-18	104	Gadus morhua
CryptonV-12_CFl_1p	LR633950.1	25.559	313	186	11	58	349	12096353	12097213	2.20e-17	99.8	Gadus morhua
CryptonV-12_CFl_1p	LR633950.1	26.966	267	170	8	71	334	26169011	26168277	6.03e-11	79.0	Gadus morhua
CryptonV-12_CFl_1p	LR633950.1	27.459	244	131	9	71	291	23482322	23481660	1.78e-08	70.9	Gadus morhua
CryptonV-12_CFl_1p	LR633950.1	36.634	101	60	1	588	688	12064837	12065127	3.30e-08	61.2	Gadus morhua
CryptonV-12_CFl_1p	LR633950.1	37.500	40	25	0	534	573	12064718	12064837	3.30e-08	28.5	Gadus morhua
CryptonV-12_CFl_1p	LR633955.1	27.683	643	368	12	53	688	27586560	27584902	6.96e-55	216	Gadus morhua
CryptonV-12_CFl_1p	LR633955.1	26.087	644	384	12	71	713	26710514	26708856	3.83e-49	199	Gadus morhua
CryptonV-12_CFl_1p	LR633955.1	35.206	267	126	7	431	688	23545067	23545753	1.17e-27	132	Gadus morhua
CryptonV-12_CFl_1p	LR633955.1	28.125	256	165	7	63	316	23395752	23396468	2.23e-14	90.1	Gadus morhua
CryptonV-12_CFl_1p	LR633955.1	36.000	125	78	1	555	679	27529705	27529337	1.85e-10	77.4	Gadus morhua
CryptonV-12_CFl_1p	LR633955.1	29.801	151	79	2	431	581	23396689	23397060	4.18e-08	69.7	Gadus morhua
CryptonV-12_CFl_1p	LR633955.1	30.534	131	79	2	580	710	23399127	23399483	2.23e-05	60.8	Gadus morhua
CryptonV-12_CFl_1p	LR633955.1	23.984	246	145	8	53	283	27530968	27530312	1.03e-04	58.5	Gadus morhua
CryptonV-12_CFl_1p	LR633955.1	26.974	152	84	1	430	581	27530000	27529626	2.97e-04	57.0	Gadus morhua
CryptonV-12_CFl_1p	LR633959.1	27.732	613	352	11	65	671	20160846	20159263	9.84e-50	201	Gadus morhua
CryptonV-12_CFl_1p	LR633959.1	23.500	600	345	16	56	638	16957247	16955739	4.03e-27	131	Gadus morhua
CryptonV-12_CFl_1p	LR633959.1	27.055	292	160	8	431	719	18012384	18011659	2.98e-08	70.1	Gadus morhua
CryptonV-12_CFl_1p	LR633959.1	45.333	75	41	0	614	688	16955803	16955579	9.09e-06	62.0	Gadus morhua
CryptonV-12_CFl_1p	LR633962.1	25.600	625	364	12	60	679	14465793	14467379	1.50e-49	200	Gadus morhua
CryptonV-12_CFl_1p	LR633962.1	27.632	228	137	7	69	288	7764619	7765242	7.64e-12	82.0	Gadus morhua
CryptonV-12_CFl_1p	LR633962.1	26.316	228	138	7	434	660	7765546	7766142	5.02e-09	72.8	Gadus morhua
CryptonV-12_CFl_1p	LR633964.1	25.275	637	375	12	53	684	1370377	1368755	9.49e-50	201	Gadus morhua
