CryptonV-1_CGi_1p	LR633944.1	34.759	561	349	9	51	602	14799886	14801544	1.05e-99	345	Gadus morhua
CryptonV-1_CGi_1p	LR633944.1	35.189	557	343	10	55	602	14421112	14419469	7.88e-99	343	Gadus morhua
CryptonV-1_CGi_1p	LR633944.1	34.694	588	350	12	53	619	13799820	13801544	6.80e-98	340	Gadus morhua
CryptonV-1_CGi_1p	LR633944.1	39.623	265	146	7	344	602	14811645	14812415	4.00e-67	172	Gadus morhua
CryptonV-1_CGi_1p	LR633944.1	30.653	199	125	6	142	332	14811031	14811612	4.00e-67	90.1	Gadus morhua
CryptonV-1_CGi_1p	LR633944.1	41.270	63	37	0	77	139	14810841	14811029	4.00e-67	46.2	Gadus morhua
CryptonV-1_CGi_1p	LR633944.1	29.369	412	272	6	72	472	14711774	14712985	1.80e-64	187	Gadus morhua
CryptonV-1_CGi_1p	LR633944.1	40.602	133	75	3	477	606	14713000	14713395	1.80e-64	91.3	Gadus morhua
CryptonV-1_CGi_1p	LR633944.1	34.498	229	137	5	43	265	14395519	14396184	2.51e-48	115	Gadus morhua
CryptonV-1_CGi_1p	LR633944.1	27.925	265	165	6	333	583	14396322	14397080	2.51e-48	94.0	Gadus morhua
CryptonV-1_CGi_1p	LR633944.1	45.946	37	20	0	286	322	14396213	14396323	2.51e-48	35.8	Gadus morhua
CryptonV-1_CGi_1p	LR633944.1	41.860	86	50	0	518	603	14850534	14850791	6.92e-11	78.2	Gadus morhua
CryptonV-1_CGi_1p	LR633944.1	34.343	99	56	1	404	502	14848363	14848632	2.65e-07	62.8	Gadus morhua
CryptonV-1_CGi_1p	LR633944.1	40.909	22	13	0	358	379	14848238	14848303	2.65e-07	23.5	Gadus morhua
CryptonV-1_CGi_1p	LR633944.1	37.288	59	36	1	506	564	14396852	14397025	0.77	45.4	Gadus morhua
CryptonV-1_CGi_1p	LR633944.1	40.000	65	39	0	69	133	14846549	14846743	2.0	44.3	Gadus morhua
CryptonV-1_CGi_1p	LR633948.1	35.154	586	350	12	53	619	27575257	27576981	1.64e-98	342	Gadus morhua
CryptonV-1_CGi_1p	LR633948.1	33.667	600	361	14	36	624	7553022	7554743	5.42e-84	300	Gadus morhua
CryptonV-1_CGi_1p	LR633948.1	32.549	510	321	9	71	565	24358914	24357409	2.40e-72	262	Gadus morhua
CryptonV-1_CGi_1p	LR633948.1	51.429	35	17	0	568	602	24357403	24357299	2.40e-72	42.7	Gadus morhua
CryptonV-1_CGi_1p	LR633949.1	34.364	582	356	9	53	617	6967187	6965469	3.50e-101	349	Gadus morhua
CryptonV-1_CGi_1p	LR633949.1	34.400	625	359	17	25	623	1135329	1137128	3.96e-84	300	Gadus morhua
CryptonV-1_CGi_1p	LR633949.1	33.479	457	283	10	157	603	7030339	7029002	1.77e-65	245	Gadus morhua
CryptonV-1_CGi_1p	LR633949.1	33.333	354	219	8	75	417	6991164	6992207	1.73e-37	162	Gadus morhua
CryptonV-1_CGi_1p	LR633949.1	32.000	150	98	2	454	603	7362288	7362725	6.81e-27	70.1	Gadus morhua
CryptonV-1_CGi_1p	LR633949.1	30.827	133	90	1	243	375	7361669	7362061	6.81e-27	69.3	Gadus morhua
CryptonV-1_CGi_1p	LR633949.1	37.500	56	33	1	373	426	7362052	7362219	6.81e-27	33.5	Gadus morhua
CryptonV-1_CGi_1p	LR633949.1	38.983	118	64	2	506	616	6788036	6787686	3.15e-22	88.6	Gadus morhua
CryptonV-1_CGi_1p	LR633949.1	39.062	64	36	1	440	500	6788248	6788057	3.15e-22	48.5	Gadus morhua
CryptonV-1_CGi_1p	LR633949.1	35.156	128	80	1	65	192	6790150	6789776	7.48e-15	82.4	Gadus morhua
CryptonV-1_CGi_1p	LR633949.1	32.759	58	37	2	201	257	6789716	6789546	7.48e-15	29.6	Gadus morhua
CryptonV-1_CGi_1p	LR633949.1	41.071	112	59	2	62	169	9170926	9171252	3.32e-11	79.3	Gadus morhua
CryptonV-1_CGi_1p	LR633949.1	34.911	169	97	4	17	179	6719306	6718821	1.07e-08	71.2	Gadus morhua
CryptonV-1_CGi_1p	LR633949.1	32.738	168	97	5	159	313	9171192	9171686	7.38e-08	68.6	Gadus morhua
CryptonV-1_CGi_1p	LR633949.1	38.462	65	40	0	317	381	6788404	6788210	0.079	48.9	Gadus morhua
CryptonV-1_CGi_1p	LR633950.1	34.364	582	356	9	53	617	12096353	12098071	3.50e-101	349	Gadus morhua
CryptonV-1_CGi_1p	LR633950.1	36.594	552	332	9	63	603	28203249	28201615	2.24e-97	338	Gadus morhua
CryptonV-1_CGi_1p	LR633950.1	33.438	637	377	14	10	624	26169221	26167386	1.56e-94	330	Gadus morhua
CryptonV-1_CGi_1p	LR633950.1	35.390	551	333	12	65	603	22851494	22853113	4.51e-91	320	Gadus morhua
CryptonV-1_CGi_1p	LR633950.1	33.333	297	187	7	312	603	23481576	23480704	1.04e-36	159	Gadus morhua
CryptonV-1_CGi_1p	LR633950.1	31.138	334	205	10	24	345	23482436	23481474	2.59e-28	133	Gadus morhua
CryptonV-1_CGi_1p	LR633950.1	45.918	98	52	1	506	603	12064846	12065136	1.57e-18	89.4	Gadus morhua
CryptonV-1_CGi_1p	LR633950.1	51.613	31	15	0	453	483	12064724	12064816	1.57e-18	35.4	Gadus morhua
CryptonV-1_CGi_1p	LR633951.1	35.324	586	349	12	53	619	24959634	24957910	1.12e-98	342	Gadus morhua
CryptonV-1_CGi_1p	LR633951.1	39.076	238	129	7	373	602	19553677	19554366	2.04e-64	149	Gadus morhua
CryptonV-1_CGi_1p	LR633951.1	34.197	193	114	7	80	266	19552819	19553376	2.04e-64	85.9	Gadus morhua
CryptonV-1_CGi_1p	LR633951.1	37.349	83	52	0	286	368	19553417	19553665	2.04e-64	63.9	Gadus morhua
CryptonV-1_CGi_1p	LR633953.1	34.364	582	356	9	53	617	251775	253493	3.50e-101	349	Gadus morhua
CryptonV-1_CGi_1p	LR633953.1	35.046	545	328	12	71	603	30576911	30575319	1.36e-92	325	Gadus morhua
CryptonV-1_CGi_1p	LR633953.1	33.423	371	239	5	68	434	30648319	30647219	3.52e-53	209	Gadus morhua
CryptonV-1_CGi_1p	LR633953.1	36.161	224	135	4	291	510	9399576	9398917	6.62e-29	135	Gadus morhua
CryptonV-1_CGi_1p	LR633953.1	54.098	61	28	0	542	602	9397965	9397783	1.54e-08	70.5	Gadus morhua
CryptonV-1_CGi_1p	LR633953.1	50.000	40	20	0	544	583	30547530	30547411	0.24	47.4	Gadus morhua
CryptonV-1_CGi_1p	LR633955.1	36.475	573	330	11	65	616	26710532	26708853	1.62e-103	356	Gadus morhua
CryptonV-1_CGi_1p	LR633955.1	34.438	543	333	9	75	602	27586500	27584896	1.07e-86	307	Gadus morhua
CryptonV-1_CGi_1p	LR633955.1	30.241	291	193	5	63	347	23395752	23396612	1.69e-53	144	Gadus morhua
CryptonV-1_CGi_1p	LR633955.1	36.943	157	91	3	344	497	23396602	23397057	1.69e-53	98.2	Gadus morhua
CryptonV-1_CGi_1p	LR633955.1	35.688	269	164	4	339	602	23544965	23545759	1.31e-35	156	Gadus morhua
CryptonV-1_CGi_1p	LR633955.1	43.077	130	71	2	468	594	27529717	27529328	4.10e-16	95.1	Gadus morhua
CryptonV-1_CGi_1p	LR633955.1	27.240	279	167	9	75	332	27530908	27530117	2.58e-13	86.3	Gadus morhua
CryptonV-1_CGi_1p	LR633955.1	36.752	117	66	2	505	614	23399157	23399504	8.36e-12	81.3	Gadus morhua
CryptonV-1_CGi_1p	LR633955.1	26.106	226	150	5	280	497	27530276	27529626	1.03e-10	77.8	Gadus morhua
CryptonV-1_CGi_1p	LR633955.1	28.070	114	81	1	258	371	23544726	23545064	0.039	49.7	Gadus morhua
CryptonV-1_CGi_1p	LR633956.1	34.364	582	356	9	53	617	23524931	23523213	3.50e-101	349	Gadus morhua
CryptonV-1_CGi_1p	LR633961.1	34.364	582	356	9	53	617	4642519	4644237	3.49e-101	349	Gadus morhua
CryptonV-1_CGi_1p	LR633961.1	33.438	637	377	14	10	624	101746	103581	1.56e-94	330	Gadus morhua
CryptonV-1_CGi_1p	LR633961.1	32.300	387	246	7	121	502	4141810	4142937	1.51e-51	204	Gadus morhua
CryptonV-1_CGi_1p	LR633961.1	40.909	66	33	2	48	113	4137017	4137196	0.009	52.0	Gadus morhua
CryptonV-1_CGi_1p	LR633964.1	34.871	542	338	8	68	603	1370332	1368734	1.53e-93	327	Gadus morhua
