CryptonV-1_BTa_1p	LR633944.1	26.288	563	388	12	8	568	13799859	13801472	6.26e-47	193	Gadus morhua
CryptonV-1_BTa_1p	LR633944.1	26.372	565	385	14	9	569	14799934	14801547	4.71e-45	187	Gadus morhua
CryptonV-1_BTa_1p	LR633944.1	25.709	564	389	12	9	569	14421076	14419466	2.34e-43	182	Gadus morhua
CryptonV-1_BTa_1p	LR633944.1	25.837	418	286	11	27	441	14711807	14712997	2.45e-35	122	Gadus morhua
CryptonV-1_BTa_1p	LR633944.1	28.947	114	79	1	458	569	14713045	14713386	2.45e-35	59.3	Gadus morhua
CryptonV-1_BTa_1p	LR633944.1	26.692	266	192	2	310	575	14811648	14812436	1.72e-33	100	Gadus morhua
CryptonV-1_BTa_1p	LR633944.1	26.471	204	141	7	115	316	14811079	14811669	1.72e-33	74.7	Gadus morhua
CryptonV-1_BTa_1p	LR633944.1	26.840	231	129	12	9	229	14395582	14396184	8.29e-05	58.9	Gadus morhua
CryptonV-1_BTa_1p	LR633944.1	25.385	260	163	9	306	549	14396346	14397080	0.009	52.4	Gadus morhua
CryptonV-1_BTa_1p	LR633944.1	28.916	83	59	0	486	568	14850540	14850788	5.5	43.1	Gadus morhua
CryptonV-1_BTa_1p	LR633946.1	27.094	561	379	16	12	569	17818068	17819669	1.34e-46	192	Gadus morhua
CryptonV-1_BTa_1p	LR633946.1	26.111	540	368	13	17	554	41540415	41541947	5.46e-40	172	Gadus morhua
CryptonV-1_BTa_1p	LR633948.1	26.288	563	388	12	8	568	27575296	27576909	1.45e-47	195	Gadus morhua
CryptonV-1_BTa_1p	LR633948.1	27.706	545	367	12	27	568	7553136	7554698	1.02e-43	183	Gadus morhua
CryptonV-1_BTa_1p	LR633948.1	25.709	494	346	10	32	522	24358863	24357436	6.34e-39	162	Gadus morhua
CryptonV-1_BTa_1p	LR633948.1	40.000	35	21	0	535	569	24357400	24357296	6.34e-39	30.8	Gadus morhua
CryptonV-1_BTa_1p	LR633949.1	26.560	561	387	15	9	568	6967145	6965535	1.40e-46	192	Gadus morhua
CryptonV-1_BTa_1p	LR633949.1	26.738	561	380	15	12	569	1135491	1137089	1.38e-42	180	Gadus morhua
CryptonV-1_BTa_1p	LR633949.1	23.756	442	324	7	115	554	7030339	7029047	3.93e-27	131	Gadus morhua
CryptonV-1_BTa_1p	LR633949.1	26.064	376	243	13	27	394	6991188	6992234	5.46e-20	108	Gadus morhua
CryptonV-1_BTa_1p	LR633949.1	25.984	127	88	1	462	588	6788069	6787707	0.002	54.3	Gadus morhua
CryptonV-1_BTa_1p	LR633949.1	30.526	95	66	0	474	568	7362438	7362722	0.40	47.0	Gadus morhua
CryptonV-1_BTa_1p	LR633950.1	26.560	561	387	15	9	568	12096395	12098005	1.40e-46	192	Gadus morhua
CryptonV-1_BTa_1p	LR633950.1	25.907	579	390	20	1	568	28203270	28201618	4.19e-42	178	Gadus morhua
CryptonV-1_BTa_1p	LR633950.1	26.596	564	379	16	8	568	26169026	26167431	5.24e-39	169	Gadus morhua
CryptonV-1_BTa_1p	LR633950.1	25.741	540	370	13	17	554	22851536	22853068	9.60e-39	168	Gadus morhua
CryptonV-1_BTa_1p	LR633950.1	25.969	258	189	1	311	568	23481474	23480707	3.76e-33	102	Gadus morhua
CryptonV-1_BTa_1p	LR633950.1	23.509	285	193	10	1	279	23482358	23481561	3.76e-33	71.6	Gadus morhua
CryptonV-1_BTa_1p	LR633950.1	35.294	85	55	0	470	554	12064837	12065091	2.95e-04	57.0	Gadus morhua
CryptonV-1_BTa_1p	LR633951.1	26.110	563	389	12	8	568	24959595	24957982	4.90e-47	193	Gadus morhua
CryptonV-1_BTa_1p	LR633951.1	29.082	196	136	2	374	568	19553785	19554366	1.47e-13	87.4	Gadus morhua
CryptonV-1_BTa_1p	LR633953.1	26.560	561	387	15	9	568	251817	253427	1.40e-46	192	Gadus morhua
CryptonV-1_BTa_1p	LR633953.1	24.265	544	382	14	13	554	30576911	30575364	8.86e-39	168	Gadus morhua
CryptonV-1_BTa_1p	LR633953.1	25.432	405	269	12	4	404	30648337	30647210	4.60e-23	118	Gadus morhua
CryptonV-1_BTa_1p	LR633953.1	27.083	240	157	6	258	490	9399564	9398878	2.67e-09	73.6	Gadus morhua
CryptonV-1_BTa_1p	LR633953.1	36.111	72	46	0	497	568	9397998	9397783	0.042	50.1	Gadus morhua
CryptonV-1_BTa_1p	LR633955.1	26.165	558	389	11	15	569	27586506	27584893	7.84e-46	190	Gadus morhua
CryptonV-1_BTa_1p	LR633955.1	23.419	585	411	15	8	588	26710529	26708874	7.88e-32	146	Gadus morhua
CryptonV-1_BTa_1p	LR633955.1	26.523	279	201	2	278	554	23544887	23545717	6.15e-20	108	Gadus morhua
CryptonV-1_BTa_1p	LR633955.1	32.456	114	75	1	443	554	27529687	27529346	2.41e-06	63.9	Gadus morhua
CryptonV-1_BTa_1p	LR633955.1	25.926	135	97	3	110	243	27530668	27530270	3.67e-05	51.2	Gadus morhua
CryptonV-1_BTa_1p	LR633955.1	36.364	55	32	2	64	118	27530804	27530649	3.67e-05	28.1	Gadus morhua
CryptonV-1_BTa_1p	LR633955.1	29.907	107	75	0	462	568	23399127	23399447	7.10e-04	55.8	Gadus morhua
CryptonV-1_BTa_1p	LR633955.1	27.551	98	69	2	220	317	23544720	23545007	2.3	44.3	Gadus morhua
CryptonV-1_BTa_1p	LR633956.1	26.560	561	387	15	9	568	23524889	23523279	1.40e-46	192	Gadus morhua
CryptonV-1_BTa_1p	LR633960.1	27.687	549	361	14	5	549	7821161	7819611	1.82e-48	198	Gadus morhua
CryptonV-1_BTa_1p	LR633960.1	25.085	590	397	16	5	579	18603683	18602004	6.91e-37	162	Gadus morhua
CryptonV-1_BTa_1p	LR633960.1	23.719	527	369	14	54	568	22032057	22033574	3.94e-25	125	Gadus morhua
CryptonV-1_BTa_1p	LR633960.1	23.196	388	289	6	183	568	19026401	19027543	4.17e-22	115	Gadus morhua
CryptonV-1_BTa_1p	LR633960.1	25.902	305	219	5	263	565	19119806	19120705	3.80e-16	95.9	Gadus morhua
CryptonV-1_BTa_1p	LR633961.1	26.560	561	387	15	9	568	4642561	4644171	1.40e-46	192	Gadus morhua
CryptonV-1_BTa_1p	LR633961.1	26.596	564	379	16	8	568	101941	103536	5.24e-39	169	Gadus morhua
CryptonV-1_BTa_1p	LR633961.1	23.419	427	299	14	58	476	4141744	4142964	1.31e-14	90.9	Gadus morhua
CryptonV-1_BTa_1p	LR633962.1	27.387	555	368	13	4	554	14465799	14467370	7.81e-48	196	Gadus morhua
CryptonV-1_BTa_1p	LR633962.1	22.472	534	370	13	17	538	7764637	7766142	1.11e-26	130	Gadus morhua
CryptonV-1_BTa_1p	LR633964.1	26.538	569	383	13	4	568	1370350	1368737	2.29e-47	194	Gadus morhua
