CryptonV-1_CFl_1p	LR633944.1	30.303	561	376	7	77	632	14421073	14419421	2.95e-71	264	Gadus morhua
CryptonV-1_CFl_1p	LR633944.1	29.893	562	378	8	77	632	14799937	14801592	1.91e-69	259	Gadus morhua
CryptonV-1_CFl_1p	LR633944.1	30.036	556	357	12	75	616	13799859	13801472	2.20e-69	259	Gadus morhua
CryptonV-1_CFl_1p	LR633944.1	28.986	414	277	7	81	484	14711774	14712994	9.52e-59	166	Gadus morhua
CryptonV-1_CFl_1p	LR633944.1	37.857	140	84	2	487	626	14713003	14713413	9.52e-59	93.2	Gadus morhua
CryptonV-1_CFl_1p	LR633944.1	31.102	254	168	3	363	616	14811675	14812415	1.03e-41	122	Gadus morhua
CryptonV-1_CFl_1p	LR633944.1	24.599	187	126	7	156	333	14811046	14811588	1.03e-41	60.1	Gadus morhua
CryptonV-1_CFl_1p	LR633944.1	35.385	65	42	0	74	138	14810805	14810999	1.03e-41	40.4	Gadus morhua
CryptonV-1_CFl_1p	LR633944.1	32.558	215	123	9	75	275	14395564	14396184	8.32e-15	89.0	Gadus morhua
CryptonV-1_CFl_1p	LR633944.1	43.478	23	13	0	296	318	14396216	14396284	8.32e-15	23.1	Gadus morhua
CryptonV-1_CFl_1p	LR633944.1	33.945	109	65	1	531	632	14850531	14850857	9.77e-09	71.6	Gadus morhua
CryptonV-1_CFl_1p	LR633944.1	26.866	268	163	6	382	634	14396442	14397191	1.74e-08	70.9	Gadus morhua
CryptonV-1_CFl_1p	LR633944.1	30.935	139	80	3	399	528	14848315	14848710	2.42e-07	67.0	Gadus morhua
CryptonV-1_CFl_1p	LR633948.1	30.380	553	359	11	75	616	27575296	27576909	1.05e-70	263	Gadus morhua
CryptonV-1_CFl_1p	LR633948.1	32.381	525	339	8	64	579	24358962	24357409	1.04e-65	244	Gadus morhua
CryptonV-1_CFl_1p	LR633948.1	35.849	53	32	1	582	634	24357403	24357251	1.04e-65	38.9	Gadus morhua
CryptonV-1_CFl_1p	LR633948.1	30.619	565	369	10	72	628	7553085	7554734	4.76e-65	246	Gadus morhua
CryptonV-1_CFl_1p	LR633951.1	30.380	553	359	11	75	616	24959595	24957982	2.57e-70	261	Gadus morhua
CryptonV-1_CFl_1p	LR633951.1	30.364	247	163	4	382	626	19553677	19554396	2.17e-24	122	Gadus morhua
CryptonV-1_CFl_1p	LR633951.1	28.421	190	126	6	89	274	19552819	19553370	7.63e-09	61.2	Gadus morhua
CryptonV-1_CFl_1p	LR633951.1	28.947	38	27	0	296	333	19553420	19553533	7.63e-09	30.4	Gadus morhua
CryptonV-1_CFl_1p	LR633955.1	33.045	578	373	8	64	634	27586560	27584848	7.06e-77	281	Gadus morhua
CryptonV-1_CFl_1p	LR633955.1	29.348	552	374	9	72	617	26710538	26708913	5.40e-60	231	Gadus morhua
CryptonV-1_CFl_1p	LR633955.1	29.811	265	166	8	79	332	23395773	23396540	4.38e-39	116	Gadus morhua
CryptonV-1_CFl_1p	LR633955.1	32.414	145	96	1	363	507	23396632	23397060	4.38e-39	77.8	Gadus morhua
CryptonV-1_CFl_1p	LR633955.1	36.719	256	158	2	361	616	23545004	23545759	5.24e-37	156	Gadus morhua
CryptonV-1_CFl_1p	LR633955.1	20.370	54	43	0	268	321	23544726	23544887	5.24e-37	30.0	Gadus morhua
CryptonV-1_CFl_1p	LR633955.1	40.000	125	73	1	481	605	27529705	27529337	4.46e-30	90.1	Gadus morhua
CryptonV-1_CFl_1p	LR633955.1	28.866	194	136	1	289	482	27530276	27529701	4.46e-30	73.6	Gadus morhua
CryptonV-1_CFl_1p	LR633955.1	33.333	123	78	1	506	628	23399127	23399483	6.31e-11	78.6	Gadus morhua
CryptonV-1_CFl_1p	LR633955.1	25.581	301	182	7	64	340	27530968	27530120	2.45e-09	73.6	Gadus morhua
CryptonV-1_CFl_1p	LR633959.1	32.453	530	336	9	81	597	20160825	20159263	6.45e-70	260	Gadus morhua
CryptonV-1_CFl_1p	LR633959.1	27.926	487	319	10	62	527	16957259	16955832	8.82e-54	173	Gadus morhua
CryptonV-1_CFl_1p	LR633959.1	38.462	91	56	0	542	632	16955797	16955525	8.82e-54	69.7	Gadus morhua
CryptonV-1_CFl_1p	LR633959.1	24.578	533	380	10	99	626	18013239	18011692	3.04e-31	143	Gadus morhua
CryptonV-1_CFl_1p	LR633959.1	31.405	121	70	4	377	491	16972934	16973275	0.064	49.3	Gadus morhua
CryptonV-1_CFl_1p	LR633959.1	29.897	97	49	3	240	336	16730151	16730384	3.1	43.9	Gadus morhua
CryptonV-1_CFl_1p	LR633962.1	32.150	535	342	10	80	609	14465826	14467382	5.71e-72	266	Gadus morhua
CryptonV-1_CFl_1p	LR633962.1	24.182	550	384	11	79	610	7764622	7766226	3.86e-33	149	Gadus morhua
CryptonV-1_CFl_1p	LR633964.1	31.028	564	371	9	80	638	1370323	1368671	1.92e-74	274	Gadus morhua
