CryptonV-11_CFl_1p	AC144824.2	34.312	545	323	13	89	619	20030	18459	2.13e-66	248	Danio rerio
CryptonV-11_CFl_1p	AL929542.9	29.685	539	353	11	88	619	28128	26569	3.75e-67	250	Danio rerio
CryptonV-11_CFl_1p	BX004775.13	31.387	548	352	11	88	626	85455	83857	8.16e-57	219	Danio rerio
CryptonV-11_CFl_1p	BX323880.7	31.103	553	356	11	76	620	129139	130746	1.37e-59	228	Danio rerio
CryptonV-11_CFl_1p	BX324230.15	29.685	539	353	11	88	619	59725	58166	3.79e-67	250	Danio rerio
CryptonV-11_CFl_1p	CR352215.34	34.128	545	324	13	89	619	82431	84002	6.56e-66	246	Danio rerio
CryptonV-11_CFl_1p	CR533430.7	31.387	548	352	11	88	626	160731	162329	8.22e-57	219	Danio rerio
CryptonV-11_CFl_1p	CR847803.7	31.103	553	356	11	76	620	2996	1389	1.35e-59	228	Danio rerio
CryptonV-11_CFl_1p	CU929234.11	29.685	539	353	11	88	619	18288	16729	3.75e-67	250	Danio rerio
CryptonV-11_CFl_1p	FP102122.22	34.312	545	323	13	89	619	124757	126328	2.08e-66	248	Danio rerio
