CryptonV-1_CGi_1p	AL831726.11	37.108	574	327	12	65	617	138509	140191	2.51e-106	364	Danio rerio
CryptonV-1_CGi_1p	AL929542.9	34.375	576	354	11	60	619	28137	26434	8.66e-94	328	Danio rerio
CryptonV-1_CGi_1p	BX005098.11	37.108	574	327	12	65	617	97874	99556	1.04e-106	365	Danio rerio
CryptonV-1_CGi_1p	BX322568.13	37.108	574	327	12	65	617	125073	123391	2.49e-106	364	Danio rerio
CryptonV-1_CGi_1p	BX324230.15	34.375	576	354	11	60	619	59734	58031	8.75e-94	328	Danio rerio
CryptonV-1_CGi_1p	BX649516.8	36.934	574	328	12	65	617	165343	167025	1.69e-105	362	Danio rerio
CryptonV-1_CGi_1p	CR759946.7	37.108	574	327	12	65	617	9822	8140	2.38e-106	364	Danio rerio
CryptonV-1_CGi_1p	CU137725.9	37.108	574	327	12	65	617	58292	59974	2.50e-106	364	Danio rerio
CryptonV-1_CGi_1p	CU694252.9	37.108	574	327	12	65	617	8515	6833	2.40e-106	364	Danio rerio
CryptonV-1_CGi_1p	CU929234.11	34.375	576	354	11	60	619	18297	16594	8.66e-94	328	Danio rerio
