CryptonV-1_BTa_1p	AC144824.2	27.208	566	386	13	9	571	20018	18390	2.09e-49	201	Danio rerio
CryptonV-1_BTa_1p	AL929542.9	24.956	569	397	13	6	571	28125	26500	6.37e-45	187	Danio rerio
CryptonV-1_BTa_1p	BX004775.13	26.606	545	379	10	27	568	85398	83818	8.05e-47	192	Danio rerio
CryptonV-1_BTa_1p	BX323880.7	27.972	572	370	16	9	570	129190	130809	1.04e-52	211	Danio rerio
CryptonV-1_BTa_1p	BX324230.15	24.956	569	397	13	6	571	59722	58097	6.45e-45	187	Danio rerio
CryptonV-1_BTa_1p	CR352215.34	27.208	566	386	13	9	571	82443	84071	7.99e-50	202	Danio rerio
CryptonV-1_BTa_1p	CR533430.7	26.606	545	379	10	27	568	160788	162368	8.13e-47	192	Danio rerio
CryptonV-1_BTa_1p	CR847803.7	27.972	572	370	16	9	570	2945	1326	1.02e-52	211	Danio rerio
CryptonV-1_BTa_1p	CU929234.11	24.956	569	397	13	6	571	18285	16660	6.37e-45	187	Danio rerio
CryptonV-1_BTa_1p	FP102122.22	27.208	566	386	13	9	571	124769	126397	2.90e-49	200	Danio rerio
