CryptonV-11_CFl_1p	CP020633.1	28.649	555	368	12	74	620	9581085	9582689	1.63e-55	216	Oryzias latipes
CryptonV-11_CFl_1p	CP020633.1	29.803	557	358	12	73	618	28151033	28149429	2.80e-54	212	Oryzias latipes
CryptonV-11_CFl_1p	CP020633.1	28.729	543	354	13	90	620	6971350	6972915	7.52e-54	211	Oryzias latipes
CryptonV-11_CFl_1p	CP020666.1	29.137	556	366	12	74	620	8111530	8109920	4.04e-57	221	Oryzias latipes
CryptonV-11_CFl_1p	CP020666.1	28.729	543	354	13	90	620	17734248	17735813	7.05e-54	211	Oryzias latipes
CryptonV-11_CFl_1p	CP020666.1	28.942	539	357	11	90	620	24637981	24639543	1.87e-51	204	Oryzias latipes
CryptonV-11_CFl_1p	CP020669.1	29.137	556	366	12	74	620	6059101	6057491	4.04e-57	221	Oryzias latipes
CryptonV-11_CFl_1p	CP020682.1	27.704	527	360	9	99	620	190773	189241	1.39e-54	213	Oryzias latipes
CryptonV-11_CFl_1p	CP020682.1	27.746	173	116	3	422	588	13758858	13758349	6.68e-08	68.6	Oryzias latipes
CryptonV-11_CFl_1p	CP020682.1	26.316	171	121	2	422	588	13667202	13666693	8.55e-06	61.6	Oryzias latipes
CryptonV-11_CFl_1p	HF933211.1	29.137	556	366	12	74	620	4513291	4511681	4.04e-57	221	Oryzias latipes
