CryptonV-1_BTa_1p	CP020621.1	28.421	570	380	14	3	569	6851565	6849931	1.80e-49	201	Oryzias latipes
CryptonV-1_BTa_1p	CP020630.1	27.660	564	378	13	8	568	16215854	16214244	1.65e-50	204	Oryzias latipes
CryptonV-1_BTa_1p	CP020633.1	26.203	561	388	12	9	568	9581139	9582746	2.22e-49	201	Oryzias latipes
CryptonV-1_BTa_1p	CP020633.1	25.000	568	391	12	8	568	6971353	6972972	1.06e-42	180	Oryzias latipes
CryptonV-1_BTa_1p	CP020633.1	25.880	568	387	14	9	571	28150973	28149357	7.39e-40	171	Oryzias latipes
CryptonV-1_BTa_1p	CP020636.1	28.596	570	379	14	3	569	6477962	6479596	1.12e-49	201	Oryzias latipes
CryptonV-1_BTa_1p	CP020638.1	27.482	564	379	13	8	568	24664512	24666122	1.16e-49	201	Oryzias latipes
CryptonV-1_BTa_1p	CP020666.1	26.690	562	385	13	9	568	8111473	8109863	1.48e-50	204	Oryzias latipes
CryptonV-1_BTa_1p	CP020666.1	26.534	603	399	20	1	594	24637954	24639657	9.60e-45	186	Oryzias latipes
CryptonV-1_BTa_1p	CP020666.1	25.000	568	391	12	8	568	17734251	17735870	1.06e-42	180	Oryzias latipes
CryptonV-1_BTa_1p	CP020669.1	26.690	562	385	13	9	568	6059044	6057434	1.48e-50	204	Oryzias latipes
CryptonV-1_BTa_1p	CP020681.1	28.674	558	370	14	15	569	2148890	2150488	2.54e-49	200	Oryzias latipes
CryptonV-1_BTa_1p	HF933211.1	26.690	562	385	13	9	568	4513234	4511624	1.48e-50	204	Oryzias latipes
