CryptonV-10_CFl_1p	CP020629.1	28.433	517	334	9	107	617	570064	568604	7.39e-56	216	Oryzias latipes
CryptonV-10_CFl_1p	CP020629.1	25.720	521	351	10	107	619	1512974	1514452	3.21e-42	176	Oryzias latipes
CryptonV-10_CFl_1p	CP020633.1	28.273	527	342	8	97	617	9581121	9582611	2.74e-56	218	Oryzias latipes
CryptonV-10_CFl_1p	CP020633.1	28.433	517	334	9	107	617	28150961	28149501	7.39e-56	216	Oryzias latipes
CryptonV-10_CFl_1p	CP020633.1	27.083	528	348	10	101	620	6971350	6972846	1.05e-46	189	Oryzias latipes
CryptonV-10_CFl_1p	CP020666.1	29.658	526	340	9	96	617	24637966	24639465	7.29e-59	226	Oryzias latipes
CryptonV-10_CFl_1p	CP020666.1	26.433	628	410	12	12	617	8111791	8109998	5.60e-55	214	Oryzias latipes
CryptonV-10_CFl_1p	CP020666.1	27.083	528	348	10	101	620	17734248	17735744	1.36e-46	189	Oryzias latipes
CryptonV-10_CFl_1p	CP020682.1	29.151	542	349	10	87	620	190854	189310	2.59e-56	218	Oryzias latipes
CryptonV-10_CFl_1p	CP020682.1	27.381	168	114	3	459	620	13758819	13758322	6.58e-05	58.9	Oryzias latipes
CryptonV-10_CFl_1p	CP020682.1	27.381	168	114	3	459	620	13667163	13666666	1.10e-04	58.2	Oryzias latipes
CryptonV-10_CFl_1p	CP020682.1	26.316	133	95	2	163	294	25654737	25655129	0.009	51.6	Oryzias latipes
