CryptonV-12_CFl_1p	CP020633.1	24.960	625	367	12	71	688	9581151	9582740	5.05e-50	202	Oryzias latipes
CryptonV-12_CFl_1p	CP020633.1	23.474	639	362	15	71	688	6971368	6972966	3.66e-37	162	Oryzias latipes
CryptonV-12_CFl_1p	CP020633.1	32.308	260	145	3	431	690	28150052	28149366	1.49e-26	129	Oryzias latipes
CryptonV-12_CFl_1p	CP020633.1	27.016	248	157	7	71	314	28150961	28150278	5.69e-14	89.0	Oryzias latipes
CryptonV-12_CFl_1p	CP020666.1	25.115	653	375	15	52	688	8111533	8109869	6.12e-51	204	Oryzias latipes
CryptonV-12_CFl_1p	CP020666.1	23.161	639	364	15	71	688	17734266	17735864	2.30e-37	163	Oryzias latipes
CryptonV-12_CFl_1p	CP020666.1	32.432	259	143	4	431	688	24638911	24639594	2.46e-28	135	Oryzias latipes
CryptonV-12_CFl_1p	CP020666.1	30.078	256	144	9	71	316	24637999	24638691	5.42e-18	101	Oryzias latipes
CryptonV-12_CFl_1p	CP020669.1	25.115	653	375	15	52	688	6059104	6057440	6.12e-51	204	Oryzias latipes
CryptonV-12_CFl_1p	CP020682.1	24.496	694	423	17	10	690	190998	189181	1.12e-46	192	Oryzias latipes
CryptonV-12_CFl_1p	CP020682.1	30.137	146	79	5	133	274	25654755	25655135	1.1	45.4	Oryzias latipes
CryptonV-12_CFl_1p	HF933211.1	25.115	653	375	15	52	688	4513294	4511630	6.12e-51	204	Oryzias latipes
