CryptonV-1_CGi_1p	CP020625.1	36.890	553	324	10	65	603	34383992	34385617	1.52e-98	342	Oryzias latipes
CryptonV-1_CGi_1p	CP020625.1	36.890	553	324	10	65	603	26184652	26186277	1.97e-98	342	Oryzias latipes
CryptonV-1_CGi_1p	CP020625.1	35.278	360	211	8	272	624	5836100	5837134	2.70e-86	214	Oryzias latipes
CryptonV-1_CGi_1p	CP020625.1	36.239	218	133	2	54	266	5835438	5836088	2.70e-86	136	Oryzias latipes
CryptonV-1_CGi_1p	CP020630.1	36.533	646	361	18	1	624	16216055	16214199	1.62e-109	374	Oryzias latipes
CryptonV-1_CGi_1p	CP020633.1	35.434	587	348	11	55	622	9581103	9582827	1.40e-99	345	Oryzias latipes
CryptonV-1_CGi_1p	CP020633.1	36.890	553	324	10	65	603	6971350	6972975	1.52e-98	342	Oryzias latipes
CryptonV-1_CGi_1p	CP020633.1	32.558	559	361	7	55	605	28151009	28149357	2.11e-86	306	Oryzias latipes
CryptonV-1_CGi_1p	CP020638.1	36.378	646	362	18	1	624	24664311	24666167	1.05e-108	371	Oryzias latipes
CryptonV-1_CGi_1p	CP020638.1	40.741	81	48	0	271	351	23079474	23079232	4.03e-14	66.6	Oryzias latipes
CryptonV-1_CGi_1p	CP020638.1	28.169	142	93	3	354	493	23079224	23078820	4.03e-14	42.7	Oryzias latipes
CryptonV-1_CGi_1p	CP020638.1	29.843	191	115	6	137	317	24954979	24955524	8.49e-11	78.2	Oryzias latipes
CryptonV-1_CGi_1p	CP020638.1	34.615	52	34	0	271	322	22990312	22990157	1.29e-08	47.4	Oryzias latipes
CryptonV-1_CGi_1p	CP020638.1	29.231	65	45	1	196	260	22990527	22990336	1.29e-08	43.5	Oryzias latipes
CryptonV-1_CGi_1p	CP020638.1	29.762	168	104	6	78	239	23157375	23156896	2.27e-07	67.0	Oryzias latipes
CryptonV-1_CGi_1p	CP020638.1	52.000	50	22	1	271	318	23091888	23091739	0.002	53.9	Oryzias latipes
CryptonV-1_CGi_1p	CP020641.1	36.890	553	324	10	65	603	30508606	30510231	1.52e-98	342	Oryzias latipes
CryptonV-1_CGi_1p	CP020641.1	29.642	587	374	18	59	624	11877110	11878816	1.42e-58	225	Oryzias latipes
CryptonV-1_CGi_1p	CP020666.1	35.739	582	344	11	55	624	8111509	8109818	2.92e-101	350	Oryzias latipes
CryptonV-1_CGi_1p	CP020666.1	36.890	553	324	10	65	603	17734248	17735873	1.52e-98	342	Oryzias latipes
CryptonV-1_CGi_1p	CP020666.1	36.639	595	335	16	26	603	24637894	24639603	1.26e-96	336	Oryzias latipes
CryptonV-1_CGi_1p	CP020666.1	32.812	64	43	0	78	141	24641136	24640945	0.11	40.0	Oryzias latipes
CryptonV-1_CGi_1p	CP020666.1	41.667	24	14	0	153	176	24640912	24640841	0.11	26.6	Oryzias latipes
CryptonV-1_CGi_1p	CP020669.1	35.739	582	344	11	55	624	6059080	6057389	2.92e-101	350	Oryzias latipes
CryptonV-1_CGi_1p	CP020682.1	34.315	577	349	9	63	620	190806	189109	2.19e-101	350	Oryzias latipes
CryptonV-1_CGi_1p	CP020682.1	34.343	99	61	2	249	347	25655110	25655394	2.06e-10	51.2	Oryzias latipes
CryptonV-1_CGi_1p	CP020682.1	29.825	114	74	3	137	244	25654764	25655105	2.06e-10	45.8	Oryzias latipes
CryptonV-1_CGi_1p	CP020682.1	31.818	132	88	2	27	158	23430278	23429889	9.86e-05	58.2	Oryzias latipes
CryptonV-1_CGi_1p	CP020682.1	54.000	50	21	1	271	318	23354034	23353885	4.95e-04	55.8	Oryzias latipes
CryptonV-1_CGi_1p	CP020682.1	23.077	130	63	5	196	322	23240593	23240306	0.032	50.1	Oryzias latipes
CryptonV-1_CGi_1p	CP020682.1	28.873	142	92	3	354	493	23343436	23343032	0.072	48.9	Oryzias latipes
CryptonV-1_CGi_1p	CP020682.1	26.515	132	94	2	69	199	23346284	23345895	0.41	46.6	Oryzias latipes
CryptonV-1_CGi_1p	CP020683.1	36.890	553	324	10	65	603	13090614	13092239	1.52e-98	342	Oryzias latipes
CryptonV-1_CGi_1p	CP020683.1	42.553	94	54	0	69	162	1776683	1776964	2.49e-10	76.6	Oryzias latipes
CryptonV-1_CGi_1p	HF933211.1	35.739	582	344	11	55	624	4513270	4511579	2.92e-101	350	Oryzias latipes
