CryptonV-1_CGi_1p	LR537121.1	35.227	616	368	12	6	602	31626327	31628138	4.62e-94	329	Sparus aurata
CryptonV-1_CGi_1p	LR537121.1	31.515	165	96	5	412	560	19119593	19119102	1.52e-09	73.9	Sparus aurata
CryptonV-1_CGi_1p	LR537121.1	33.077	130	83	2	190	316	177479	177093	1.06e-05	61.2	Sparus aurata
CryptonV-1_CGi_1p	LR537121.1	36.082	97	56	2	418	512	177075	176797	1.93e-05	60.5	Sparus aurata
CryptonV-1_CGi_1p	LR537121.1	47.917	48	25	0	436	483	125981	126124	1.3	44.7	Sparus aurata
CryptonV-1_CGi_1p	LR537124.1	35.227	616	368	12	6	602	23960338	23962149	4.62e-94	329	Sparus aurata
CryptonV-1_CGi_1p	LR537124.1	33.214	557	358	8	54	602	17872307	17873959	6.35e-89	314	Sparus aurata
CryptonV-1_CGi_1p	LR537124.1	32.939	507	318	10	124	624	39600051	39598579	4.25e-75	273	Sparus aurata
CryptonV-1_CGi_1p	LR537124.1	32.283	508	325	9	54	553	4061788	4063278	6.89e-71	261	Sparus aurata
CryptonV-1_CGi_1p	LR537124.1	30.159	189	121	5	418	602	4277013	4276468	1.56e-12	83.6	Sparus aurata
CryptonV-1_CGi_1p	LR537124.1	29.630	189	122	5	418	602	32991408	32990863	6.25e-12	81.6	Sparus aurata
CryptonV-1_CGi_1p	LR537124.1	29.101	189	123	5	418	602	13516327	13516872	2.27e-10	76.6	Sparus aurata
CryptonV-1_CGi_1p	LR537124.1	33.077	130	83	2	190	316	4277417	4277031	2.27e-05	60.5	Sparus aurata
CryptonV-1_CGi_1p	LR537124.1	33.077	130	83	2	190	316	33018838	33018452	2.95e-05	60.1	Sparus aurata
CryptonV-1_CGi_1p	LR537124.1	32.308	130	84	2	190	316	13515923	13516309	4.63e-05	59.3	Sparus aurata
CryptonV-1_CGi_1p	LR537124.1	32.308	130	84	2	190	316	32991812	32991426	0.001	55.1	Sparus aurata
CryptonV-1_CGi_1p	LR537124.1	43.939	66	33	1	418	483	33018434	33018249	0.002	53.9	Sparus aurata
