CryptonV-12_CFl_1p	LR537122.1	28.135	622	358	10	71	688	15870293	15868683	7.83e-58	225	Sparus aurata
CryptonV-12_CFl_1p	LR537122.1	24.726	639	378	16	58	688	25970861	25969230	4.05e-40	171	Sparus aurata
CryptonV-12_CFl_1p	LR537122.1	29.661	118	78	3	62	177	913275	913619	2.25e-06	63.9	Sparus aurata
CryptonV-12_CFl_1p	LR537122.1	25.342	146	105	1	525	670	911096	911521	5.80e-05	59.3	Sparus aurata
CryptonV-12_CFl_1p	LR537122.1	26.994	163	91	6	134	291	910314	910733	0.080	48.9	Sparus aurata
CryptonV-12_CFl_1p	LR537138.1	28.135	622	358	10	71	688	5347504	5349114	2.91e-58	227	Sparus aurata
CryptonV-12_CFl_1p	LR537138.1	27.907	258	155	2	431	688	11447604	11446924	1.11e-22	117	Sparus aurata
CryptonV-12_CFl_1p	LR537138.1	43.077	65	37	0	624	688	12018195	12018001	0.017	51.2	Sparus aurata
CryptonV-12_CFl_1p	LR537138.1	41.538	65	33	3	71	135	11447893	11447714	0.13	48.5	Sparus aurata
CryptonV-12_CFl_1p	LR537138.1	34.426	61	39	1	431	491	12806408	12806587	5.6	43.1	Sparus aurata
