CryptonV-10_CFl_1p	LR537122.1	29.821	560	356	11	72	620	15870404	15868803	1.10e-57	222	Sparus aurata
CryptonV-10_CFl_1p	LR537122.1	29.559	521	324	12	107	617	25970822	25969359	2.61e-54	212	Sparus aurata
CryptonV-10_CFl_1p	LR537122.1	26.190	168	105	5	151	310	910254	910724	4.78e-10	60.1	Sparus aurata
CryptonV-10_CFl_1p	LR537122.1	40.909	44	25	1	98	140	910096	910227	4.78e-10	35.4	Sparus aurata
CryptonV-10_CFl_1p	LR537122.1	26.404	178	124	5	107	281	913302	913823	2.44e-09	73.2	Sparus aurata
CryptonV-10_CFl_1p	LR537122.1	35.294	85	49	2	525	609	30966622	30966858	5.57e-05	45.4	Sparus aurata
CryptonV-10_CFl_1p	LR537122.1	27.586	87	62	1	403	488	30966257	30966517	5.57e-05	32.7	Sparus aurata
CryptonV-10_CFl_1p	LR537137.1	30.116	518	325	11	107	617	37425398	37426861	1.82e-59	227	Sparus aurata
CryptonV-10_CFl_1p	LR537138.1	30.000	560	355	11	72	620	5347393	5348994	2.02e-58	224	Sparus aurata
CryptonV-10_CFl_1p	LR537138.1	28.718	195	135	1	423	617	11447625	11447053	2.62e-16	95.9	Sparus aurata
CryptonV-10_CFl_1p	LR537138.1	22.472	267	155	9	141	398	12019157	12018486	7.03e-08	53.5	Sparus aurata
CryptonV-10_CFl_1p	LR537138.1	46.667	30	16	0	108	137	12019264	12019175	7.03e-08	34.7	Sparus aurata
CryptonV-10_CFl_1p	LR537138.1	28.302	106	75	1	423	528	12806387	12806701	0.14	48.1	Sparus aurata
