CryptonV-1_BTa_1p	LR537122.1	25.131	573	404	13	2	569	15870332	15868674	1.36e-44	186	Sparus aurata
CryptonV-1_BTa_1p	LR537122.1	26.335	543	375	13	13	554	25970822	25969266	3.85e-41	175	Sparus aurata
CryptonV-1_BTa_1p	LR537122.1	28.241	216	135	8	4	218	913275	913865	2.68e-10	77.0	Sparus aurata
CryptonV-1_BTa_1p	LR537124.1	27.923	573	373	14	5	568	17872334	17873959	1.90e-54	216	Sparus aurata
CryptonV-1_BTa_1p	LR537124.1	27.357	541	348	15	5	536	4061815	4063329	2.87e-43	182	Sparus aurata
CryptonV-1_BTa_1p	LR537124.1	27.241	569	386	14	5	569	23960518	23962152	6.89e-41	174	Sparus aurata
CryptonV-1_BTa_1p	LR537124.1	28.070	456	313	6	115	568	39599952	39598624	2.06e-39	170	Sparus aurata
CryptonV-1_BTa_1p	LR537124.1	26.316	190	130	4	383	568	32991414	32990863	2.2	44.3	Sparus aurata
CryptonV-1_BTa_1p	LR537124.1	26.316	190	130	4	383	568	4277019	4276468	2.7	44.3	Sparus aurata
CryptonV-1_BTa_1p	LR537124.1	25.668	187	135	3	383	568	13516321	13516872	9.8	42.4	Sparus aurata
CryptonV-1_BTa_1p	LR537138.1	25.305	573	403	13	2	569	5347465	5349123	2.46e-45	188	Sparus aurata
CryptonV-1_BTa_1p	LR537138.1	25.591	254	187	1	315	568	11447673	11446918	1.39e-16	97.4	Sparus aurata
CryptonV-1_BTa_1p	LR537138.1	30.588	85	55	2	62	146	12019148	12018906	2.5	44.3	Sparus aurata
