CryptonV-11_CFl_1p	LR537122.1	31.986	569	364	10	67	626	15870380	15868716	2.81e-62	236	Sparus aurata
CryptonV-11_CFl_1p	LR537122.1	29.259	540	354	13	90	620	25970843	25969281	1.25e-52	207	Sparus aurata
CryptonV-11_CFl_1p	LR537122.1	28.431	204	125	9	89	279	913278	913865	8.63e-10	74.7	Sparus aurata
CryptonV-11_CFl_1p	LR537122.1	29.032	155	94	6	138	284	910251	910691	3.77e-06	50.1	Sparus aurata
CryptonV-11_CFl_1p	LR537122.1	38.000	50	29	2	76	123	910060	910209	3.77e-06	32.3	Sparus aurata
CryptonV-11_CFl_1p	LR537122.1	34.524	84	50	2	503	586	30966622	30966858	3.97e-05	49.7	Sparus aurata
CryptonV-11_CFl_1p	LR537122.1	28.037	107	69	1	363	469	30966236	30966532	3.97e-05	28.9	Sparus aurata
CryptonV-11_CFl_1p	LR537137.1	29.182	538	357	12	90	620	37425377	37426939	1.05e-54	213	Sparus aurata
CryptonV-11_CFl_1p	LR537138.1	32.162	569	363	10	67	626	5347417	5349081	5.70e-63	238	Sparus aurata
CryptonV-11_CFl_1p	LR537138.1	28.195	266	177	3	355	620	11447730	11446975	2.56e-23	118	Sparus aurata
CryptonV-11_CFl_1p	LR537138.1	47.761	67	30	1	554	620	12018237	12018052	4.80e-05	59.3	Sparus aurata
