CryptonV-1_CFl_1p	LR537122.1	32.756	577	369	8	63	632	15870323	15868629	6.86e-79	287	Sparus aurata
CryptonV-1_CFl_1p	LR537122.1	29.537	562	362	13	80	626	25970822	25969194	1.86e-61	235	Sparus aurata
CryptonV-1_CFl_1p	LR537122.1	25.490	204	121	8	71	257	913272	913841	9.28e-08	68.6	Sparus aurata
CryptonV-1_CFl_1p	LR537122.1	28.421	95	62	2	469	563	30966592	30966858	8.69e-06	47.4	Sparus aurata
CryptonV-1_CFl_1p	LR537122.1	30.588	85	58	1	362	445	30966278	30966532	8.69e-06	33.9	Sparus aurata
CryptonV-1_CFl_1p	LR537122.1	24.183	153	97	5	141	284	910308	910736	1.94e-05	50.8	Sparus aurata
CryptonV-1_CFl_1p	LR537122.1	44.000	25	14	0	84	108	910135	910209	1.94e-05	29.3	Sparus aurata
CryptonV-1_CFl_1p	LR537122.1	22.222	144	108	1	453	596	911102	911521	0.002	54.7	Sparus aurata
CryptonV-1_CFl_1p	LR537138.1	32.756	577	369	8	63	632	5347474	5349168	3.82e-79	288	Sparus aurata
CryptonV-1_CFl_1p	LR537138.1	31.518	257	166	3	364	616	11447670	11446918	1.21e-32	148	Sparus aurata
CryptonV-1_CFl_1p	LR537138.1	26.201	229	121	11	114	332	12019157	12018585	1.21e-09	58.9	Sparus aurata
CryptonV-1_CFl_1p	LR537138.1	51.724	29	14	0	82	110	12019261	12019175	1.21e-09	35.8	Sparus aurata
CryptonV-1_CFl_1p	LR537138.1	35.632	87	54	1	550	636	12018195	12017941	5.66e-07	55.8	Sparus aurata
CryptonV-1_CFl_1p	LR537138.1	38.095	42	26	0	481	522	12018374	12018249	5.66e-07	29.3	Sparus aurata
CryptonV-1_CFl_1p	LR537138.1	44.444	45	24	1	80	124	11447893	11447762	1.7	44.7	Sparus aurata
