CryptonV-10_CFl_1p	AC144824.2	29.287	519	337	10	107	620	20006	18525	1.89e-55	215	Danio rerio
CryptonV-10_CFl_1p	AL929542.9	29.887	532	326	10	102	620	28128	26635	2.44e-61	233	Danio rerio
CryptonV-10_CFl_1p	BX324230.15	29.887	532	326	10	102	620	59725	58232	2.46e-61	233	Danio rerio
CryptonV-10_CFl_1p	CP020629.1	28.433	517	334	9	107	617	570064	568604	7.39e-56	216	Oryzias latipes
CryptonV-10_CFl_1p	CP020629.1	25.720	521	351	10	107	619	1512974	1514452	3.21e-42	176	Oryzias latipes
CryptonV-10_CFl_1p	CP020633.1	28.273	527	342	8	97	617	9581121	9582611	2.74e-56	218	Oryzias latipes
CryptonV-10_CFl_1p	CP020633.1	28.433	517	334	9	107	617	28150961	28149501	7.39e-56	216	Oryzias latipes
CryptonV-10_CFl_1p	CP020633.1	27.083	528	348	10	101	620	6971350	6972846	1.05e-46	189	Oryzias latipes
CryptonV-10_CFl_1p	CP020666.1	29.658	526	340	9	96	617	24637966	24639465	7.29e-59	226	Oryzias latipes
CryptonV-10_CFl_1p	CP020666.1	26.433	628	410	12	12	617	8111791	8109998	5.60e-55	214	Oryzias latipes
CryptonV-10_CFl_1p	CP020666.1	27.083	528	348	10	101	620	17734248	17735744	1.36e-46	189	Oryzias latipes
CryptonV-10_CFl_1p	CP020682.1	29.151	542	349	10	87	620	190854	189310	2.59e-56	218	Oryzias latipes
CryptonV-10_CFl_1p	CP020682.1	27.381	168	114	3	459	620	13758819	13758322	6.58e-05	58.9	Oryzias latipes
CryptonV-10_CFl_1p	CP020682.1	27.381	168	114	3	459	620	13667163	13666666	1.10e-04	58.2	Oryzias latipes
CryptonV-10_CFl_1p	CP020682.1	26.316	133	95	2	163	294	25654737	25655129	0.009	51.6	Oryzias latipes
CryptonV-10_CFl_1p	CP027268.1	28.077	520	340	8	107	619	17277967	17279445	1.62e-58	224	Lateolabrax maculatus
CryptonV-10_CFl_1p	CR759946.7	29.379	531	338	12	97	620	9834	8332	5.19e-55	214	Danio rerio
CryptonV-10_CFl_1p	CU694252.9	29.379	531	338	12	97	620	8527	7025	5.25e-55	214	Danio rerio
CryptonV-10_CFl_1p	CU929234.11	29.887	532	326	10	102	620	18288	16795	2.44e-61	233	Danio rerio
CryptonV-10_CFl_1p	FP102122.22	29.287	519	337	10	107	620	124781	126262	1.71e-55	216	Danio rerio
CryptonV-10_CFl_1p	LN595275.1	29.699	532	332	13	96	617	120205	121704	3.24e-56	218	Cyprinus carpio
CryptonV-10_CFl_1p	LR131939.1	29.767	514	333	11	109	620	22026419	22024956	3.68e-55	214	Cottoperca gobio
CryptonV-10_CFl_1p	LR131939.1	32.292	96	62	2	119	213	25992349	25992630	1.03e-04	58.2	Cottoperca gobio
CryptonV-10_CFl_1p	LR131962.1	28.544	529	339	10	97	617	1872090	1870597	1.12e-57	222	Parambassis ranga
CryptonV-10_CFl_1p	LR131962.1	28.662	157	108	1	461	617	10882833	10883291	3.69e-05	59.7	Parambassis ranga
CryptonV-10_CFl_1p	LR131965.1	28.733	529	338	10	97	617	3237359	3235866	3.08e-58	224	Parambassis ranga
CryptonV-10_CFl_1p	LR131965.1	34.524	84	54	1	101	183	31541	31290	2.19e-05	57.4	Parambassis ranga
CryptonV-10_CFl_1p	LR131965.1	25.806	31	23	0	183	213	31299	31207	2.19e-05	22.3	Parambassis ranga
CryptonV-10_CFl_1p	LR131965.1	24.569	232	128	6	341	569	2223203	2222640	0.38	46.6	Parambassis ranga
CryptonV-10_CFl_1p	LR131966.1	28.544	529	339	10	97	617	12128	13621	1.12e-57	222	Parambassis ranga
CryptonV-10_CFl_1p	LR131973.1	28.733	529	338	10	97	617	8324876	8323383	2.58e-58	224	Parambassis ranga
CryptonV-10_CFl_1p	LR131980.1	28.733	529	338	10	97	617	1827991	1826498	3.45e-58	223	Parambassis ranga
CryptonV-10_CFl_1p	LR131980.1	28.025	157	109	1	461	617	2782244	2781786	8.35e-05	58.5	Parambassis ranga
CryptonV-10_CFl_1p	LR131994.1	30.268	522	319	13	107	617	1112878	1114341	1.60e-55	216	Gouania willdenowi
CryptonV-10_CFl_1p	LR131995.1	31.227	538	334	15	88	617	603419	604948	7.71e-58	223	Gouania willdenowi
CryptonV-10_CFl_1p	LR131995.1	30.994	342	204	8	107	442	4869102	4870049	1.39e-47	144	Gouania willdenowi
CryptonV-10_CFl_1p	LR131995.1	31.034	174	112	4	446	617	4870054	4870557	1.39e-47	78.2	Gouania willdenowi
CryptonV-10_CFl_1p	LR132000.1	31.227	538	334	15	88	617	36193505	36195034	7.71e-58	223	Gouania willdenowi
CryptonV-10_CFl_1p	LR132000.1	31.227	538	334	15	88	617	72354494	72356023	3.78e-57	220	Gouania willdenowi
CryptonV-10_CFl_1p	LR132000.1	26.980	404	259	10	98	490	36173135	36174271	1.20e-39	135	Gouania willdenowi
CryptonV-10_CFl_1p	LR132000.1	33.636	110	63	2	513	620	36174339	36174644	1.20e-39	59.7	Gouania willdenowi
CryptonV-10_CFl_1p	LR132004.1	31.227	538	334	15	88	617	3413636	3412107	1.04e-57	222	Gouania willdenowi
CryptonV-10_CFl_1p	LR132046.1	28.596	577	355	12	62	620	18689838	18688225	7.60e-56	216	Anabas testudineus
CryptonV-10_CFl_1p	LR132046.1	28.289	152	92	2	466	617	3112094	3112498	1.6	44.3	Anabas testudineus
CryptonV-10_CFl_1p	LR132050.1	28.596	577	355	12	62	620	12144554	12142941	7.60e-56	216	Anabas testudineus
CryptonV-10_CFl_1p	LR132050.1	27.877	391	246	8	98	480	10825090	10826178	4.71e-47	146	Anabas testudineus
CryptonV-10_CFl_1p	LR132050.1	36.607	112	67	1	506	617	10826220	10826543	4.71e-47	73.9	Anabas testudineus
CryptonV-10_CFl_1p	LR132050.1	30.808	198	133	1	423	620	15774614	15775195	2.86e-18	102	Anabas testudineus
CryptonV-10_CFl_1p	LR132052.1	28.596	577	355	12	62	620	7289706	7291319	7.60e-56	216	Anabas testudineus
CryptonV-10_CFl_1p	LR132056.1	28.876	516	340	7	107	619	12581758	12583233	1.31e-59	228	Anabas testudineus
CryptonV-10_CFl_1p	LR132056.1	35.938	128	79	2	96	222	18171786	18171409	1.74e-14	89.7	Anabas testudineus
CryptonV-10_CFl_1p	LR132056.1	27.128	188	133	1	430	617	18171228	18170677	1.91e-10	76.6	Anabas testudineus
CryptonV-10_CFl_1p	LR535825.1	29.515	515	333	9	107	617	20757859	20756393	2.51e-55	215	Denticeps clupeoides
CryptonV-10_CFl_1p	LR535825.1	34.711	121	77	2	99	218	19228571	19228212	2.79e-07	66.6	Denticeps clupeoides
CryptonV-10_CFl_1p	LR537122.1	29.821	560	356	11	72	620	15870404	15868803	1.10e-57	222	Sparus aurata
CryptonV-10_CFl_1p	LR537122.1	29.559	521	324	12	107	617	25970822	25969359	2.61e-54	212	Sparus aurata
CryptonV-10_CFl_1p	LR537122.1	26.190	168	105	5	151	310	910254	910724	4.78e-10	60.1	Sparus aurata
CryptonV-10_CFl_1p	LR537122.1	40.909	44	25	1	98	140	910096	910227	4.78e-10	35.4	Sparus aurata
CryptonV-10_CFl_1p	LR537122.1	26.404	178	124	5	107	281	913302	913823	2.44e-09	73.2	Sparus aurata
CryptonV-10_CFl_1p	LR537122.1	35.294	85	49	2	525	609	30966622	30966858	5.57e-05	45.4	Sparus aurata
CryptonV-10_CFl_1p	LR537122.1	27.586	87	62	1	403	488	30966257	30966517	5.57e-05	32.7	Sparus aurata
CryptonV-10_CFl_1p	LR537137.1	30.116	518	325	11	107	617	37425398	37426861	1.82e-59	227	Sparus aurata
CryptonV-10_CFl_1p	LR537138.1	30.000	560	355	11	72	620	5347393	5348994	2.02e-58	224	Sparus aurata
CryptonV-10_CFl_1p	LR537138.1	28.718	195	135	1	423	617	11447625	11447053	2.62e-16	95.9	Sparus aurata
CryptonV-10_CFl_1p	LR537138.1	22.472	267	155	9	141	398	12019157	12018486	7.03e-08	53.5	Sparus aurata
CryptonV-10_CFl_1p	LR537138.1	46.667	30	16	0	108	137	12019264	12019175	7.03e-08	34.7	Sparus aurata
CryptonV-10_CFl_1p	LR537138.1	28.302	106	75	1	423	528	12806387	12806701	0.14	48.1	Sparus aurata
CryptonV-10_CFl_1p	LR584075.1	29.063	523	343	6	100	620	8131969	8133459	1.75e-56	218	Scleropages formosus
CryptonV-10_CFl_1p	LR584084.1	29.063	523	343	6	100	620	8891624	8893114	1.75e-56	218	Scleropages formosus
CryptonV-10_CFl_1p	LR584233.2	30.651	522	325	11	106	620	12122404	12120929	7.71e-59	225	Takifugu rubripes
CryptonV-10_CFl_1p	LR584233.2	25.237	527	356	13	99	619	16141321	16139837	8.23e-40	169	Takifugu rubripes
CryptonV-10_CFl_1p	LR584238.1	30.651	522	325	11	106	620	10473072	10471597	9.21e-59	225	Takifugu rubripes
CryptonV-10_CFl_1p	LR584244.1	30.651	522	325	11	106	620	11819912	11818437	9.83e-59	225	Takifugu rubripes
CryptonV-10_CFl_1p	LR584246.2	30.651	522	325	11	106	620	10978904	10977429	9.83e-59	225	Takifugu rubripes
CryptonV-10_CFl_1p	LR584248.2	29.609	537	326	10	99	620	790303	791802	2.16e-59	227	Takifugu rubripes
CryptonV-10_CFl_1p	LR584248.2	21.584	505	341	12	109	608	885726	884362	8.31e-20	107	Takifugu rubripes
CryptonV-10_CFl_1p	LR584248.2	25.769	260	179	6	107	361	889583	888831	6.60e-10	75.1	Takifugu rubripes
CryptonV-10_CFl_1p	LR597445.1	27.820	532	349	9	96	620	23116930	23115419	4.48e-57	220	Salarias fasciatus
CryptonV-10_CFl_1p	LR597445.1	33.333	72	47	1	466	537	11620585	11620373	0.11	35.8	Salarias fasciatus
CryptonV-10_CFl_1p	LR597445.1	35.484	62	36	1	556	617	11620320	11620147	0.11	30.8	Salarias fasciatus
CryptonV-10_CFl_1p	LR597445.1	39.241	79	45	3	118	195	11621572	11621342	0.20	47.4	Salarias fasciatus
CryptonV-10_CFl_1p	LR597461.1	29.014	517	339	8	107	620	43738017	43739492	2.57e-60	230	Sphaeramia orbicularis
CryptonV-10_CFl_1p	LR597465.1	30.798	526	320	13	107	620	54932657	54931176	1.27e-57	222	Sphaeramia orbicularis
CryptonV-10_CFl_1p	LR597465.1	27.703	296	206	6	107	398	46364818	46363943	1.49e-33	113	Sphaeramia orbicularis
CryptonV-10_CFl_1p	LR597465.1	25.287	174	126	1	430	603	46363907	46363398	1.49e-33	62.0	Sphaeramia orbicularis
CryptonV-10_CFl_1p	LR597466.1	29.014	517	339	8	107	620	47021654	47020179	2.57e-60	230	Sphaeramia orbicularis
CryptonV-10_CFl_1p	LR597466.1	28.736	522	334	9	107	620	35898917	35900392	7.63e-54	211	Sphaeramia orbicularis
CryptonV-10_CFl_1p	LR597466.1	28.008	532	333	11	102	620	56336426	56337910	9.18e-51	201	Sphaeramia orbicularis
CryptonV-10_CFl_1p	LR597466.1	30.469	384	235	9	107	482	47044845	47043766	1.73e-49	163	Sphaeramia orbicularis
CryptonV-10_CFl_1p	LR597466.1	32.117	137	89	1	484	620	47043770	47043372	1.73e-49	64.7	Sphaeramia orbicularis
CryptonV-10_CFl_1p	LR597466.1	28.407	521	336	14	107	620	18147284	18145812	2.56e-48	194	Sphaeramia orbicularis
CryptonV-10_CFl_1p	LR597466.1	22.302	417	294	9	146	553	46528325	46527138	4.42e-25	104	Sphaeramia orbicularis
CryptonV-10_CFl_1p	LR597466.1	43.636	55	31	0	97	151	46528467	46528303	4.42e-25	41.6	Sphaeramia orbicularis
CryptonV-10_CFl_1p	LR597466.1	29.167	192	110	5	130	308	47089951	47089415	4.01e-11	64.7	Sphaeramia orbicularis
CryptonV-10_CFl_1p	LR597466.1	54.167	24	11	0	106	129	47090022	47089951	4.01e-11	34.7	Sphaeramia orbicularis
CryptonV-10_CFl_1p	LR597466.1	27.778	108	78	0	461	568	50274788	50275111	0.004	53.1	Sphaeramia orbicularis
CryptonV-10_CFl_1p	LR597467.1	30.798	526	320	13	107	620	49171481	49172962	3.86e-58	223	Sphaeramia orbicularis
CryptonV-10_CFl_1p	LR597467.1	28.621	290	183	10	70	348	42288414	42287584	5.37e-21	110	Sphaeramia orbicularis
CryptonV-10_CFl_1p	LR597475.1	30.000	520	332	9	101	617	42380503	42381975	4.42e-56	217	Sphaeramia orbicularis
CryptonV-10_CFl_1p	LR597475.1	27.599	529	346	13	96	617	42398565	42400061	2.08e-50	200	Sphaeramia orbicularis
CryptonV-10_CFl_1p	LR597475.1	27.976	168	113	3	459	620	31881867	31881370	0.004	53.1	Sphaeramia orbicularis
CryptonV-10_CFl_1p	LR597551.1	29.524	525	327	10	107	620	252417	250939	2.98e-56	218	Myripristis murdjan
CryptonV-10_CFl_1p	LR597551.1	29.771	131	84	2	107	237	13586430	13586798	0.002	53.9	Myripristis murdjan
CryptonV-10_CFl_1p	LR597558.1	29.524	525	327	10	107	620	33252725	33254203	2.98e-56	218	Myripristis murdjan
CryptonV-10_CFl_1p	LR633950.1	29.282	543	338	14	90	617	28203288	28201753	2.80e-56	218	Gadus morhua
CryptonV-10_CFl_1p	LR633950.1	27.632	532	340	12	97	617	12096377	12097870	1.49e-52	207	Gadus morhua
CryptonV-10_CFl_1p	LR633950.1	29.151	518	329	11	107	617	22851515	22852975	1.93e-52	206	Gadus morhua
CryptonV-10_CFl_1p	LR633950.1	27.660	564	360	12	64	619	26169131	26167560	1.34e-48	195	Gadus morhua
CryptonV-10_CFl_1p	LR633950.1	26.471	272	189	6	97	360	23482352	23481546	2.60e-16	95.9	Gadus morhua
CryptonV-10_CFl_1p	LR633950.1	29.744	195	133	1	423	617	23481414	23480842	2.82e-14	89.4	Gadus morhua
CryptonV-10_CFl_1p	LR633962.1	28.725	557	357	13	69	620	14465721	14467286	5.98e-57	220	Gadus morhua
CryptonV-10_CFl_1p	LR633962.1	24.811	528	347	10	107	619	7764625	7766103	1.69e-34	152	Gadus morhua
CryptonV-10_CFl_1p	LR633964.1	28.366	557	359	13	69	620	1370428	1368863	4.76e-56	217	Gadus morhua
CryptonV-10_CFl_1p	LR697118.1	29.771	524	330	11	101	617	3296325	3297803	2.03e-55	215	Chanos chanos
CryptonV-11_CFl_1p	AC144824.2	34.312	545	323	13	89	619	20030	18459	2.13e-66	248	Danio rerio
CryptonV-11_CFl_1p	AL929542.9	29.685	539	353	11	88	619	28128	26569	3.75e-67	250	Danio rerio
CryptonV-11_CFl_1p	BX004775.13	31.387	548	352	11	88	626	85455	83857	8.16e-57	219	Danio rerio
CryptonV-11_CFl_1p	BX323880.7	31.103	553	356	11	76	620	129139	130746	1.37e-59	228	Danio rerio
CryptonV-11_CFl_1p	BX324230.15	29.685	539	353	11	88	619	59725	58166	3.79e-67	250	Danio rerio
CryptonV-11_CFl_1p	CP020633.1	28.649	555	368	12	74	620	9581085	9582689	1.63e-55	216	Oryzias latipes
CryptonV-11_CFl_1p	CP020633.1	29.803	557	358	12	73	618	28151033	28149429	2.80e-54	212	Oryzias latipes
CryptonV-11_CFl_1p	CP020633.1	28.729	543	354	13	90	620	6971350	6972915	7.52e-54	211	Oryzias latipes
CryptonV-11_CFl_1p	CP020666.1	29.137	556	366	12	74	620	8111530	8109920	4.04e-57	221	Oryzias latipes
CryptonV-11_CFl_1p	CP020666.1	28.729	543	354	13	90	620	17734248	17735813	7.05e-54	211	Oryzias latipes
CryptonV-11_CFl_1p	CP020666.1	28.942	539	357	11	90	620	24637981	24639543	1.87e-51	204	Oryzias latipes
CryptonV-11_CFl_1p	CP020669.1	29.137	556	366	12	74	620	6059101	6057491	4.04e-57	221	Oryzias latipes
CryptonV-11_CFl_1p	CP020682.1	27.704	527	360	9	99	620	190773	189241	1.39e-54	213	Oryzias latipes
CryptonV-11_CFl_1p	CP020682.1	27.746	173	116	3	422	588	13758858	13758349	6.68e-08	68.6	Oryzias latipes
CryptonV-11_CFl_1p	CP020682.1	26.316	171	121	2	422	588	13667202	13666693	8.55e-06	61.6	Oryzias latipes
CryptonV-11_CFl_1p	CP027268.1	30.983	539	343	11	91	618	17277949	17279511	1.37e-58	225	Lateolabrax maculatus
CryptonV-11_CFl_1p	CP032600.1	28.522	575	355	14	67	620	17298683	17300302	3.37e-56	218	Lateolabrax maculatus
CryptonV-11_CFl_1p	CP032600.1	28.866	194	116	4	420	598	10093559	10092999	1.28e-10	77.4	Lateolabrax maculatus
CryptonV-11_CFl_1p	CR352215.34	34.128	545	324	13	89	619	82431	84002	6.56e-66	246	Danio rerio
CryptonV-11_CFl_1p	CR533430.7	31.387	548	352	11	88	626	160731	162329	8.22e-57	219	Danio rerio
CryptonV-11_CFl_1p	CR847803.7	31.103	553	356	11	76	620	2996	1389	1.35e-59	228	Danio rerio
CryptonV-11_CFl_1p	CU929234.11	29.685	539	353	11	88	619	18288	16729	3.75e-67	250	Danio rerio
CryptonV-11_CFl_1p	FP102122.22	34.312	545	323	13	89	619	124757	126328	2.08e-66	248	Danio rerio
CryptonV-11_CFl_1p	FQ310506.3	29.314	539	354	11	90	620	8845487	8843928	4.60e-57	220	Dicentrarchus labrax
CryptonV-11_CFl_1p	HF933211.1	29.137	556	366	12	74	620	4513291	4511681	4.04e-57	221	Oryzias latipes
CryptonV-11_CFl_1p	LN591439.1	30.912	537	337	12	96	620	1087508	1089052	7.03e-56	217	Cyprinus carpio
CryptonV-11_CFl_1p	LN596430.1	28.962	549	340	13	90	619	26247	24694	1.38e-54	213	Cyprinus carpio
CryptonV-11_CFl_1p	LN596729.1	28.229	542	358	12	88	620	134077	135636	1.05e-54	213	Cyprinus carpio
CryptonV-11_CFl_1p	LN598384.1	29.478	536	356	9	90	620	93433	94989	5.29e-55	214	Cyprinus carpio
CryptonV-11_CFl_1p	LR131962.1	28.114	562	368	12	72	620	1872135	1870519	1.02e-58	225	Parambassis ranga
CryptonV-11_CFl_1p	LR131962.1	32.487	197	126	3	425	620	10882797	10883369	4.20e-19	104	Parambassis ranga
CryptonV-11_CFl_1p	LR131965.1	28.470	562	366	12	72	620	3237404	3235788	1.19e-58	225	Parambassis ranga
CryptonV-11_CFl_1p	LR131965.1	30.973	113	69	3	90	193	31541	31203	0.096	48.5	Parambassis ranga
CryptonV-11_CFl_1p	LR131966.1	28.114	562	368	12	72	620	12083	13699	1.02e-58	225	Parambassis ranga
CryptonV-11_CFl_1p	LR131973.1	28.470	562	366	12	72	620	8324921	8323305	9.59e-59	225	Parambassis ranga
CryptonV-11_CFl_1p	LR131980.1	28.470	562	366	12	72	620	1828036	1826420	1.55e-58	224	Parambassis ranga
CryptonV-11_CFl_1p	LR131980.1	32.487	197	126	3	425	620	2782280	2781708	6.26e-19	104	Parambassis ranga
CryptonV-11_CFl_1p	LR131995.1	29.338	559	349	13	80	620	603434	605026	2.29e-59	227	Gouania willdenowi
CryptonV-11_CFl_1p	LR131995.1	26.667	360	241	12	65	415	4869003	4870040	2.58e-37	99.8	Gouania willdenowi
CryptonV-11_CFl_1p	LR131995.1	32.749	171	109	3	437	607	4870102	4870596	2.58e-37	87.8	Gouania willdenowi
CryptonV-11_CFl_1p	LR132000.1	29.338	559	349	13	80	620	36193520	36195112	2.49e-59	227	Gouania willdenowi
CryptonV-11_CFl_1p	LR132000.1	29.517	559	348	13	80	620	72354509	72356101	6.53e-59	226	Gouania willdenowi
CryptonV-11_CFl_1p	LR132000.1	26.121	379	260	8	99	469	36173180	36174280	3.42e-46	120	Gouania willdenowi
CryptonV-11_CFl_1p	LR132000.1	34.483	145	86	2	478	620	36174300	36174713	3.42e-46	96.7	Gouania willdenowi
CryptonV-11_CFl_1p	LR132004.1	29.338	559	349	13	80	620	3413621	3412029	2.18e-59	227	Gouania willdenowi
CryptonV-11_CFl_1p	LR132018.2	30.106	568	358	12	74	620	536234	534585	6.12e-59	226	Betta splendens
CryptonV-11_CFl_1p	LR132038.1	29.537	562	360	12	72	620	13989185	13987569	1.26e-58	225	Anabas testudineus
CryptonV-11_CFl_1p	LR132038.1	27.386	482	325	10	143	618	24056486	24057874	3.73e-45	167	Anabas testudineus
CryptonV-11_CFl_1p	LR132038.1	40.625	64	36	2	76	137	24056283	24056474	3.73e-45	46.2	Anabas testudineus
CryptonV-11_CFl_1p	LR132038.1	27.206	544	339	17	96	616	21057892	21056363	7.82e-37	159	Anabas testudineus
CryptonV-11_CFl_1p	LR132042.1	29.537	562	360	12	72	620	1862196	1863812	1.26e-58	225	Anabas testudineus
CryptonV-11_CFl_1p	LR132042.1	27.869	183	123	3	422	598	16907911	16907372	3.52e-07	66.2	Anabas testudineus
CryptonV-11_CFl_1p	LR132046.1	29.361	579	366	13	65	620	18689832	18688156	8.65e-55	214	Anabas testudineus
CryptonV-11_CFl_1p	LR132046.1	34.746	118	69	3	506	621	3112241	3112576	7.79e-08	68.6	Anabas testudineus
CryptonV-11_CFl_1p	LR132050.1	29.361	579	366	13	65	620	12144548	12142872	8.65e-55	214	Anabas testudineus
CryptonV-11_CFl_1p	LR132050.1	28.010	407	269	10	76	474	10825054	10826226	6.78e-28	132	Anabas testudineus
CryptonV-11_CFl_1p	LR132050.1	34.091	220	131	5	407	620	15774632	15775267	4.78e-25	123	Anabas testudineus
CryptonV-11_CFl_1p	LR132050.1	31.333	150	99	2	470	618	10826175	10826615	1.23e-12	84.0	Anabas testudineus
CryptonV-11_CFl_1p	LR132052.1	29.361	579	366	13	65	620	7289712	7291388	8.65e-55	214	Anabas testudineus
CryptonV-11_CFl_1p	LR132056.1	32.407	540	331	11	92	618	12581743	12583299	6.35e-59	226	Anabas testudineus
CryptonV-11_CFl_1p	LR132056.1	29.524	210	143	3	408	617	18171222	18170608	3.53e-16	95.5	Anabas testudineus
CryptonV-11_CFl_1p	LR132056.1	32.847	137	85	5	76	209	18171816	18171418	2.55e-11	79.7	Anabas testudineus
CryptonV-11_CFl_1p	LR537122.1	31.986	569	364	10	67	626	15870380	15868716	2.81e-62	236	Sparus aurata
CryptonV-11_CFl_1p	LR537122.1	29.259	540	354	13	90	620	25970843	25969281	1.25e-52	207	Sparus aurata
CryptonV-11_CFl_1p	LR537122.1	28.431	204	125	9	89	279	913278	913865	8.63e-10	74.7	Sparus aurata
CryptonV-11_CFl_1p	LR537122.1	29.032	155	94	6	138	284	910251	910691	3.77e-06	50.1	Sparus aurata
CryptonV-11_CFl_1p	LR537122.1	38.000	50	29	2	76	123	910060	910209	3.77e-06	32.3	Sparus aurata
CryptonV-11_CFl_1p	LR537122.1	34.524	84	50	2	503	586	30966622	30966858	3.97e-05	49.7	Sparus aurata
CryptonV-11_CFl_1p	LR537122.1	28.037	107	69	1	363	469	30966236	30966532	3.97e-05	28.9	Sparus aurata
CryptonV-11_CFl_1p	LR537137.1	29.182	538	357	12	90	620	37425377	37426939	1.05e-54	213	Sparus aurata
CryptonV-11_CFl_1p	LR537138.1	32.162	569	363	10	67	626	5347417	5349081	5.70e-63	238	Sparus aurata
CryptonV-11_CFl_1p	LR537138.1	28.195	266	177	3	355	620	11447730	11446975	2.56e-23	118	Sparus aurata
CryptonV-11_CFl_1p	LR537138.1	47.761	67	30	1	554	620	12018237	12018052	4.80e-05	59.3	Sparus aurata
CryptonV-11_CFl_1p	LR584075.1	29.834	543	345	12	89	619	8131969	8133525	3.52e-60	229	Scleropages formosus
CryptonV-11_CFl_1p	LR584084.1	29.834	543	345	12	89	619	8891624	8893180	3.52e-60	229	Scleropages formosus
CryptonV-11_CFl_1p	LR584248.2	32.253	586	357	12	54	619	790171	791868	5.17e-62	235	Takifugu rubripes
CryptonV-11_CFl_1p	LR584248.2	23.766	547	353	15	96	626	889583	888087	1.54e-18	102	Takifugu rubripes
CryptonV-11_CFl_1p	LR584248.2	21.121	535	373	15	94	620	885738	884257	3.80e-15	92.0	Takifugu rubripes
CryptonV-11_CFl_1p	LR597445.1	30.410	536	349	10	91	618	23116915	23115356	1.06e-57	222	Salarias fasciatus
CryptonV-11_CFl_1p	LR597445.1	37.500	88	51	2	534	621	11620320	11620069	2.67e-07	52.4	Salarias fasciatus
CryptonV-11_CFl_1p	LR597445.1	29.032	93	63	2	438	530	11620597	11620328	2.67e-07	33.9	Salarias fasciatus
CryptonV-11_CFl_1p	LR597461.1	30.481	561	356	12	71	618	43737936	43739555	2.46e-61	233	Sphaeramia orbicularis
CryptonV-11_CFl_1p	LR597466.1	30.481	561	356	12	71	618	47021735	47020116	2.46e-61	233	Sphaeramia orbicularis
CryptonV-11_CFl_1p	LR597466.1	28.253	538	362	11	87	620	56336426	56337979	1.11e-51	204	Sphaeramia orbicularis
CryptonV-11_CFl_1p	LR597466.1	26.111	540	359	10	96	620	35898917	35900461	1.31e-45	186	Sphaeramia orbicularis
CryptonV-11_CFl_1p	LR597466.1	27.595	395	248	13	83	458	47044893	47043766	3.38e-44	119	Sphaeramia orbicularis
CryptonV-11_CFl_1p	LR597466.1	35.664	143	89	1	478	620	47043722	47043303	3.38e-44	90.9	Sphaeramia orbicularis
CryptonV-11_CFl_1p	LR597466.1	25.468	534	352	16	89	604	18147308	18145791	1.24e-31	144	Sphaeramia orbicularis
CryptonV-11_CFl_1p	LR597466.1	23.601	411	283	10	135	531	46528319	46527138	5.71e-14	88.2	Sphaeramia orbicularis
CryptonV-11_CFl_1p	LR597466.1	44.828	58	32	0	563	620	47088663	47088490	1.25e-04	57.8	Sphaeramia orbicularis
CryptonV-11_CFl_1p	LR597466.1	26.452	155	101	5	426	576	50274755	50275192	0.005	52.8	Sphaeramia orbicularis
CryptonV-11_CFl_1p	LR597466.1	34.783	69	42	2	130	197	47089915	47089715	0.39	46.6	Sphaeramia orbicularis
CryptonV-11_CFl_1p	LR597466.1	42.222	45	26	0	576	620	50276638	50276772	7.9	42.4	Sphaeramia orbicularis
CryptonV-11_CFl_1p	LR597469.1	30.826	545	342	11	89	619	76013176	76011605	3.18e-63	238	Sphaeramia orbicularis
CryptonV-11_CFl_1p	LR597469.1	28.698	453	289	13	83	519	11981391	11982695	3.33e-43	135	Sphaeramia orbicularis
CryptonV-11_CFl_1p	LR597469.1	35.000	100	62	1	521	620	11982692	11982982	3.33e-43	71.6	Sphaeramia orbicularis
CryptonV-11_CFl_1p	LR597551.1	34.312	545	322	12	89	619	252441	250873	2.54e-68	253	Myripristis murdjan
CryptonV-11_CFl_1p	LR597551.1	29.808	104	70	3	96	197	13586430	13586738	6.8	42.4	Myripristis murdjan
CryptonV-11_CFl_1p	LR597558.1	34.312	545	322	12	89	619	33252701	33254269	2.54e-68	253	Myripristis murdjan
CryptonV-11_CFl_1p	LR597570.1	28.440	545	358	13	86	620	31869225	31867657	6.36e-55	214	Myripristis murdjan
CryptonV-11_CFl_1p	LR597570.1	27.799	536	338	15	96	607	7055529	7057061	6.23e-49	196	Myripristis murdjan
CryptonV-11_CFl_1p	LR633944.1	29.554	538	352	11	91	620	14421082	14419526	1.19e-55	216	Gadus morhua
CryptonV-11_CFl_1p	LR633944.1	28.136	558	373	11	72	620	14799871	14801487	9.07e-55	213	Gadus morhua
CryptonV-11_CFl_1p	LR633944.1	28.164	561	368	11	72	620	13799802	13801415	2.93e-53	209	Gadus morhua
CryptonV-11_CFl_1p	LR633944.1	28.979	421	270	10	97	505	14711774	14712985	1.19e-42	127	Gadus morhua
CryptonV-11_CFl_1p	LR633944.1	39.655	116	68	2	511	626	14713003	14713344	1.19e-42	78.6	Gadus morhua
CryptonV-11_CFl_1p	LR633944.1	28.571	252	165	4	369	620	14811648	14812358	2.51e-35	108	Gadus morhua
CryptonV-11_CFl_1p	LR633944.1	28.070	171	110	5	171	333	14811046	14811543	2.51e-35	64.3	Gadus morhua
CryptonV-11_CFl_1p	LR633944.1	33.962	53	34	1	101	152	14810838	14810996	2.51e-35	28.9	Gadus morhua
CryptonV-11_CFl_1p	LR633944.1	48.000	75	39	0	546	620	14850507	14850731	1.99e-11	80.1	Gadus morhua
CryptonV-11_CFl_1p	LR633944.1	32.000	125	82	2	408	531	14396448	14396816	1.61e-08	47.8	Gadus morhua
CryptonV-11_CFl_1p	LR633944.1	35.938	64	38	1	535	598	14396834	14397016	1.61e-08	43.1	Gadus morhua
CryptonV-11_CFl_1p	LR633944.1	29.187	209	137	6	91	292	14395576	14396190	1.35e-06	64.3	Gadus morhua
CryptonV-11_CFl_1p	LR633944.1	28.448	116	76	3	428	543	14848330	14848656	0.039	49.7	Gadus morhua
CryptonV-11_CFl_1p	LR633955.1	30.690	580	360	12	54	620	27586605	27584953	6.92e-55	214	Gadus morhua
CryptonV-11_CFl_1p	LR633955.1	28.386	539	359	12	90	620	26710532	26708973	2.40e-52	206	Gadus morhua
CryptonV-11_CFl_1p	LR633955.1	35.060	251	145	5	373	620	23544995	23545702	1.94e-28	127	Gadus morhua
CryptonV-11_CFl_1p	LR633955.1	28.000	50	36	0	284	333	23544729	23544878	1.94e-28	30.8	Gadus morhua
CryptonV-11_CFl_1p	LR633955.1	39.655	116	69	1	505	620	27529705	27529361	1.94e-22	90.1	Gadus morhua
CryptonV-11_CFl_1p	LR633955.1	33.333	105	66	2	404	506	27530009	27529701	1.94e-22	47.8	Gadus morhua
CryptonV-11_CFl_1p	LR633955.1	25.794	252	166	9	94	333	23395770	23396498	5.32e-22	78.2	Gadus morhua
CryptonV-11_CFl_1p	LR633955.1	28.313	166	104	4	369	532	23396605	23397063	5.32e-22	58.2	Gadus morhua
CryptonV-11_CFl_1p	LR633955.1	40.659	91	51	1	530	620	23399127	23399390	1.28e-09	74.3	Gadus morhua
CryptonV-11_CFl_1p	LR633955.1	24.409	254	152	7	58	290	27531016	27530312	0.010	51.6	Gadus morhua
CryptonV-11_CFl_1p	LR633962.1	28.699	561	371	12	65	620	14465745	14467355	2.14e-57	221	Gadus morhua
CryptonV-11_CFl_1p	LR633962.1	26.679	536	339	14	94	606	7764619	7766133	6.58e-38	163	Gadus morhua
CryptonV-11_CFl_1p	LR633964.1	28.877	561	370	12	65	620	1370404	1368794	5.51e-58	223	Gadus morhua
CryptonV-11_CFl_1p	LR697118.1	29.390	541	350	13	90	620	3296325	3297881	4.59e-55	214	Chanos chanos
CryptonV-12_CFl_1p	AL929542.9	27.360	625	358	12	68	688	28113	26515	6.41e-54	214	Danio rerio
CryptonV-12_CFl_1p	BX004775.13	25.518	627	379	11	68	690	85443	83815	3.09e-47	193	Danio rerio
CryptonV-12_CFl_1p	BX324230.15	27.360	625	358	12	68	688	59710	58112	6.49e-54	214	Danio rerio
CryptonV-12_CFl_1p	CP020633.1	24.960	625	367	12	71	688	9581151	9582740	5.05e-50	202	Oryzias latipes
CryptonV-12_CFl_1p	CP020633.1	23.474	639	362	15	71	688	6971368	6972966	3.66e-37	162	Oryzias latipes
CryptonV-12_CFl_1p	CP020633.1	32.308	260	145	3	431	690	28150052	28149366	1.49e-26	129	Oryzias latipes
CryptonV-12_CFl_1p	CP020633.1	27.016	248	157	7	71	314	28150961	28150278	5.69e-14	89.0	Oryzias latipes
CryptonV-12_CFl_1p	CP020666.1	25.115	653	375	15	52	688	8111533	8109869	6.12e-51	204	Oryzias latipes
CryptonV-12_CFl_1p	CP020666.1	23.161	639	364	15	71	688	17734266	17735864	2.30e-37	163	Oryzias latipes
CryptonV-12_CFl_1p	CP020666.1	32.432	259	143	4	431	688	24638911	24639594	2.46e-28	135	Oryzias latipes
CryptonV-12_CFl_1p	CP020666.1	30.078	256	144	9	71	316	24637999	24638691	5.42e-18	101	Oryzias latipes
CryptonV-12_CFl_1p	CP020669.1	25.115	653	375	15	52	688	6059104	6057440	6.12e-51	204	Oryzias latipes
CryptonV-12_CFl_1p	CP020682.1	24.496	694	423	17	10	690	190998	189181	1.12e-46	192	Oryzias latipes
CryptonV-12_CFl_1p	CP020682.1	30.137	146	79	5	133	274	25654755	25655135	1.1	45.4	Oryzias latipes
CryptonV-12_CFl_1p	CP026247.1	26.636	642	378	15	71	708	17263113	17264771	5.23e-49	199	Scophthalmus maximus
CryptonV-12_CFl_1p	CR533430.7	25.518	627	379	11	68	690	160743	162371	3.12e-47	193	Danio rerio
CryptonV-12_CFl_1p	CU929234.11	27.360	625	358	12	68	688	18273	16675	6.41e-54	214	Danio rerio
CryptonV-12_CFl_1p	FQ310506.3	25.419	657	374	16	50	688	8845553	8843877	3.53e-49	199	Dicentrarchus labrax
CryptonV-12_CFl_1p	HF933211.1	25.115	653	375	15	52	688	4513294	4511630	6.12e-51	204	Oryzias latipes
CryptonV-12_CFl_1p	LN590683.1	27.752	645	359	15	72	710	7987788	7986157	6.15e-52	207	Cyprinus carpio
CryptonV-12_CFl_1p	LN590683.1	30.556	288	145	4	431	710	15631024	15630302	9.44e-26	126	Cyprinus carpio
CryptonV-12_CFl_1p	LN590683.1	23.770	244	136	6	431	665	15631855	15631247	0.007	52.4	Cyprinus carpio
CryptonV-12_CFl_1p	LN591129.1	25.532	658	396	13	55	704	19593	21308	5.93e-47	192	Cyprinus carpio
CryptonV-12_CFl_1p	LN596339.1	27.752	645	359	15	72	710	597750	596119	6.14e-52	207	Cyprinus carpio
CryptonV-12_CFl_1p	LR131962.1	25.955	628	358	13	71	688	1872060	1870468	5.28e-55	217	Parambassis ranga
CryptonV-12_CFl_1p	LR131962.1	30.769	247	132	5	464	710	10882839	10883462	2.97e-17	99.4	Parambassis ranga
CryptonV-12_CFl_1p	LR131965.1	25.955	628	358	14	71	688	3237329	3235737	4.69e-55	217	Parambassis ranga
CryptonV-12_CFl_1p	LR131965.1	38.750	80	44	2	71	147	31523	31290	3.90e-04	56.6	Parambassis ranga
CryptonV-12_CFl_1p	LR131966.1	25.955	628	358	13	71	688	12158	13750	5.28e-55	217	Parambassis ranga
CryptonV-12_CFl_1p	LR131973.1	25.955	628	358	14	71	688	8324846	8323254	4.28e-55	217	Parambassis ranga
CryptonV-12_CFl_1p	LR131980.1	25.955	628	358	14	71	688	1827961	1826369	4.95e-55	217	Parambassis ranga
CryptonV-12_CFl_1p	LR131980.1	30.364	247	133	5	464	710	2782238	2781615	7.73e-17	98.2	Parambassis ranga
CryptonV-12_CFl_1p	LR131995.1	26.242	644	378	17	71	708	603485	605143	1.01e-48	198	Gouania willdenowi
CryptonV-12_CFl_1p	LR131995.1	27.306	271	172	8	46	314	4869048	4869791	5.28e-18	102	Gouania willdenowi
CryptonV-12_CFl_1p	LR131995.1	28.061	196	109	3	463	658	4870105	4870596	3.91e-11	79.7	Gouania willdenowi
CryptonV-12_CFl_1p	LR132000.1	26.242	644	378	17	71	708	36193571	36195229	7.46e-49	198	Gouania willdenowi
CryptonV-12_CFl_1p	LR132000.1	25.744	672	397	17	48	708	72354476	72356218	2.95e-48	196	Gouania willdenowi
CryptonV-12_CFl_1p	LR132000.1	25.111	450	262	13	58	494	36173117	36174280	3.72e-42	105	Gouania willdenowi
CryptonV-12_CFl_1p	LR132000.1	35.032	157	96	2	532	688	36174312	36174764	3.72e-42	98.2	Gouania willdenowi
CryptonV-12_CFl_1p	LR132004.1	26.242	644	378	17	71	708	3413570	3411912	1.09e-48	198	Gouania willdenowi
CryptonV-12_CFl_1p	LR132018.2	25.990	631	364	14	71	693	536126	534519	2.67e-50	202	Betta splendens
CryptonV-12_CFl_1p	LR132025.2	25.762	656	400	13	56	709	11178613	11180325	2.57e-50	202	Betta splendens
CryptonV-12_CFl_1p	LR132025.2	37.931	58	36	0	71	128	29432574	29432401	0.065	49.3	Betta splendens
CryptonV-12_CFl_1p	LR132046.1	25.801	624	374	12	71	693	18689697	18688090	8.95e-52	207	Anabas testudineus
CryptonV-12_CFl_1p	LR132046.1	35.484	155	87	4	556	710	3112241	3112666	6.12e-10	75.5	Anabas testudineus
CryptonV-12_CFl_1p	LR132050.1	25.801	624	374	12	71	693	12144413	12142806	8.95e-52	207	Anabas testudineus
CryptonV-12_CFl_1p	LR132050.1	30.303	264	152	3	431	693	15774635	15775333	7.89e-29	136	Anabas testudineus
CryptonV-12_CFl_1p	LR132050.1	37.580	157	94	1	532	688	10826214	10826672	2.33e-20	109	Anabas testudineus
CryptonV-12_CFl_1p	LR132050.1	26.316	266	171	5	56	314	10825057	10825800	8.29e-20	107	Anabas testudineus
CryptonV-12_CFl_1p	LR132052.1	25.801	624	374	12	71	693	7289847	7291454	8.95e-52	207	Anabas testudineus
CryptonV-12_CFl_1p	LR535825.1	25.943	636	349	14	71	688	20757859	20756264	4.39e-53	211	Denticeps clupeoides
CryptonV-12_CFl_1p	LR535825.1	31.776	107	73	0	71	177	19228547	19228227	0.026	50.8	Denticeps clupeoides
CryptonV-12_CFl_1p	LR535841.1	26.852	648	381	13	62	708	20326350	20324683	2.10e-49	200	Mastacembelus armatus
CryptonV-12_CFl_1p	LR535841.1	27.731	357	217	12	2	333	18511363	18512385	5.68e-22	114	Mastacembelus armatus
CryptonV-12_CFl_1p	LR535841.1	25.221	226	132	4	431	653	18512548	18513123	2.62e-08	70.5	Mastacembelus armatus
CryptonV-12_CFl_1p	LR537122.1	28.135	622	358	10	71	688	15870293	15868683	7.83e-58	225	Sparus aurata
CryptonV-12_CFl_1p	LR537122.1	24.726	639	378	16	58	688	25970861	25969230	4.05e-40	171	Sparus aurata
CryptonV-12_CFl_1p	LR537122.1	29.661	118	78	3	62	177	913275	913619	2.25e-06	63.9	Sparus aurata
CryptonV-12_CFl_1p	LR537122.1	25.342	146	105	1	525	670	911096	911521	5.80e-05	59.3	Sparus aurata
CryptonV-12_CFl_1p	LR537122.1	26.994	163	91	6	134	291	910314	910733	0.080	48.9	Sparus aurata
CryptonV-12_CFl_1p	LR537138.1	28.135	622	358	10	71	688	5347504	5349114	2.91e-58	227	Sparus aurata
CryptonV-12_CFl_1p	LR537138.1	27.907	258	155	2	431	688	11447604	11446924	1.11e-22	117	Sparus aurata
CryptonV-12_CFl_1p	LR537138.1	43.077	65	37	0	624	688	12018195	12018001	0.017	51.2	Sparus aurata
CryptonV-12_CFl_1p	LR537138.1	41.538	65	33	3	71	135	11447893	11447714	0.13	48.5	Sparus aurata
CryptonV-12_CFl_1p	LR537138.1	34.426	61	39	1	431	491	12806408	12806587	5.6	43.1	Sparus aurata
CryptonV-12_CFl_1p	LR597441.1	26.340	653	382	13	63	708	16643817	16645499	1.37e-48	197	Salarias fasciatus
CryptonV-12_CFl_1p	LR597441.1	32.500	160	103	2	531	689	8658193	8657726	3.69e-14	89.4	Salarias fasciatus
CryptonV-12_CFl_1p	LR597455.1	26.849	622	367	9	70	688	7090988	7089378	1.68e-47	194	Salarias fasciatus
CryptonV-12_CFl_1p	LR597466.1	24.885	655	377	14	64	710	56336429	56338072	2.62e-47	194	Sphaeramia orbicularis
CryptonV-12_CFl_1p	LR597466.1	26.984	630	360	14	71	693	47021654	47020044	6.39e-44	183	Sphaeramia orbicularis
CryptonV-12_CFl_1p	LR597466.1	24.444	585	351	13	71	653	18147284	18145797	2.11e-31	144	Sphaeramia orbicularis
CryptonV-12_CFl_1p	LR597466.1	30.357	280	156	4	431	710	35899832	35900554	1.18e-22	117	Sphaeramia orbicularis
CryptonV-12_CFl_1p	LR597466.1	32.197	264	147	10	71	325	47044845	47044123	1.92e-22	116	Sphaeramia orbicularis
CryptonV-12_CFl_1p	LR597466.1	33.520	179	107	2	532	710	47043710	47043210	3.45e-15	92.8	Sphaeramia orbicularis
CryptonV-12_CFl_1p	LR597466.1	25.436	287	181	7	71	355	35898917	35899684	5.42e-15	92.0	Sphaeramia orbicularis
CryptonV-12_CFl_1p	LR597466.1	28.837	215	115	11	95	297	47089948	47089382	1.45e-09	56.6	Sphaeramia orbicularis
CryptonV-12_CFl_1p	LR597466.1	39.583	48	21	2	52	93	47090088	47089951	1.45e-09	37.7	Sphaeramia orbicularis
CryptonV-12_CFl_1p	LR597466.1	22.535	213	122	9	119	314	46528295	46527735	2.23e-06	42.7	Sphaeramia orbicularis
CryptonV-12_CFl_1p	LR597466.1	46.512	43	23	0	71	113	46528437	46528309	2.23e-06	40.8	Sphaeramia orbicularis
CryptonV-12_CFl_1p	LR597466.1	25.000	152	87	2	431	582	46527509	46527135	3.58e-04	56.6	Sphaeramia orbicularis
CryptonV-12_CFl_1p	LR597466.1	35.052	97	55	1	614	710	47088663	47088397	0.002	53.9	Sphaeramia orbicularis
CryptonV-12_CFl_1p	LR597466.1	25.781	128	68	3	467	594	50274803	50275105	1.3	45.1	Sphaeramia orbicularis
CryptonV-12_CFl_1p	LR597466.1	35.526	76	48	1	620	694	50276617	50276844	3.3	43.9	Sphaeramia orbicularis
CryptonV-12_CFl_1p	LR597467.1	27.846	650	357	16	71	710	49171481	49173124	5.36e-52	208	Sphaeramia orbicularis
CryptonV-12_CFl_1p	LR597467.1	26.740	273	161	9	55	316	42288348	42287614	8.46e-11	78.6	Sphaeramia orbicularis
CryptonV-12_CFl_1p	LR597468.1	25.966	647	378	10	72	708	47820090	47821757	7.00e-49	198	Sphaeramia orbicularis
CryptonV-12_CFl_1p	LR597468.1	23.782	349	204	6	155	499	7712062	7712934	7.63e-21	79.0	Sphaeramia orbicularis
CryptonV-12_CFl_1p	LR597468.1	34.568	81	52	1	72	151	7711806	7712048	7.63e-21	53.5	Sphaeramia orbicularis
CryptonV-12_CFl_1p	LR597468.1	31.008	129	87	1	580	708	7713895	7714275	2.80e-06	63.5	Sphaeramia orbicularis
CryptonV-12_CFl_1p	LR633944.1	25.554	677	397	15	45	710	14421145	14419403	2.69e-49	199	Gadus morhua
CryptonV-12_CFl_1p	LR633944.1	24.755	715	412	16	5	688	14799679	14801538	2.23e-48	197	Gadus morhua
CryptonV-12_CFl_1p	LR633944.1	25.387	646	373	15	56	688	13799817	13801466	4.05e-45	187	Gadus morhua
CryptonV-12_CFl_1p	LR633944.1	24.449	499	291	9	63	558	14711747	14712994	2.01e-39	122	Gadus morhua
CryptonV-12_CFl_1p	LR633944.1	35.938	128	79	2	561	688	14713003	14713377	2.01e-39	72.8	Gadus morhua
CryptonV-12_CFl_1p	LR633944.1	28.462	260	154	3	431	690	14811732	14812415	2.08e-20	109	Gadus morhua
CryptonV-12_CFl_1p	LR633944.1	31.164	292	156	12	2	279	14395390	14396172	1.02e-15	94.4	Gadus morhua
CryptonV-12_CFl_1p	LR633944.1	27.333	150	83	2	431	580	14396442	14396813	3.52e-08	54.7	Gadus morhua
CryptonV-12_CFl_1p	LR633944.1	34.848	66	39	1	585	650	14396834	14397019	3.52e-08	35.0	Gadus morhua
CryptonV-12_CFl_1p	LR633944.1	37.374	99	58	1	594	688	14850486	14850782	1.99e-07	67.4	Gadus morhua
CryptonV-12_CFl_1p	LR633944.1	25.161	155	74	3	463	607	14848360	14848728	6.31e-05	59.3	Gadus morhua
CryptonV-12_CFl_1p	LR633944.1	42.593	54	31	0	76	129	14810838	14810999	4.8	43.1	Gadus morhua
CryptonV-12_CFl_1p	LR633946.1	27.848	632	340	16	71	688	41540394	41541983	4.02e-50	202	Gadus morhua
CryptonV-12_CFl_1p	LR633946.1	25.361	623	367	13	73	690	17818077	17819666	6.75e-43	180	Gadus morhua
CryptonV-12_CFl_1p	LR633948.1	24.923	646	376	13	56	688	27575254	27576903	2.16e-46	191	Gadus morhua
CryptonV-12_CFl_1p	LR633948.1	27.377	610	354	12	47	653	24358980	24357409	4.13e-46	188	Gadus morhua
CryptonV-12_CFl_1p	LR633948.1	25.000	52	39	0	656	707	24357403	24357248	4.13e-46	28.9	Gadus morhua
CryptonV-12_CFl_1p	LR633948.1	25.344	726	429	17	7	708	7552842	7554752	1.33e-45	188	Gadus morhua
CryptonV-12_CFl_1p	LR633950.1	28.006	632	339	16	71	688	22851515	22853104	2.71e-50	202	Gadus morhua
CryptonV-12_CFl_1p	LR633950.1	30.357	280	162	3	431	708	26168117	26167371	4.55e-27	130	Gadus morhua
CryptonV-12_CFl_1p	LR633950.1	30.116	259	149	4	431	688	28202307	28201624	6.56e-27	130	Gadus morhua
CryptonV-12_CFl_1p	LR633950.1	29.070	258	152	3	431	688	12097319	12097999	6.01e-26	127	Gadus morhua
CryptonV-12_CFl_1p	LR633950.1	30.233	258	149	2	431	688	23481393	23480713	1.93e-24	122	Gadus morhua
CryptonV-12_CFl_1p	LR633950.1	27.174	276	184	6	43	316	28203309	28202527	1.03e-18	104	Gadus morhua
CryptonV-12_CFl_1p	LR633950.1	25.559	313	186	11	58	349	12096353	12097213	2.20e-17	99.8	Gadus morhua
CryptonV-12_CFl_1p	LR633950.1	26.966	267	170	8	71	334	26169011	26168277	6.03e-11	79.0	Gadus morhua
CryptonV-12_CFl_1p	LR633950.1	27.459	244	131	9	71	291	23482322	23481660	1.78e-08	70.9	Gadus morhua
CryptonV-12_CFl_1p	LR633950.1	36.634	101	60	1	588	688	12064837	12065127	3.30e-08	61.2	Gadus morhua
CryptonV-12_CFl_1p	LR633950.1	37.500	40	25	0	534	573	12064718	12064837	3.30e-08	28.5	Gadus morhua
CryptonV-12_CFl_1p	LR633955.1	27.683	643	368	12	53	688	27586560	27584902	6.96e-55	216	Gadus morhua
CryptonV-12_CFl_1p	LR633955.1	26.087	644	384	12	71	713	26710514	26708856	3.83e-49	199	Gadus morhua
CryptonV-12_CFl_1p	LR633955.1	35.206	267	126	7	431	688	23545067	23545753	1.17e-27	132	Gadus morhua
CryptonV-12_CFl_1p	LR633955.1	28.125	256	165	7	63	316	23395752	23396468	2.23e-14	90.1	Gadus morhua
CryptonV-12_CFl_1p	LR633955.1	36.000	125	78	1	555	679	27529705	27529337	1.85e-10	77.4	Gadus morhua
CryptonV-12_CFl_1p	LR633955.1	29.801	151	79	2	431	581	23396689	23397060	4.18e-08	69.7	Gadus morhua
CryptonV-12_CFl_1p	LR633955.1	30.534	131	79	2	580	710	23399127	23399483	2.23e-05	60.8	Gadus morhua
CryptonV-12_CFl_1p	LR633955.1	23.984	246	145	8	53	283	27530968	27530312	1.03e-04	58.5	Gadus morhua
CryptonV-12_CFl_1p	LR633955.1	26.974	152	84	1	430	581	27530000	27529626	2.97e-04	57.0	Gadus morhua
CryptonV-12_CFl_1p	LR633959.1	27.732	613	352	11	65	671	20160846	20159263	9.84e-50	201	Gadus morhua
CryptonV-12_CFl_1p	LR633959.1	23.500	600	345	16	56	638	16957247	16955739	4.03e-27	131	Gadus morhua
CryptonV-12_CFl_1p	LR633959.1	27.055	292	160	8	431	719	18012384	18011659	2.98e-08	70.1	Gadus morhua
CryptonV-12_CFl_1p	LR633959.1	45.333	75	41	0	614	688	16955803	16955579	9.09e-06	62.0	Gadus morhua
CryptonV-12_CFl_1p	LR633962.1	25.600	625	364	12	60	679	14465793	14467379	1.50e-49	200	Gadus morhua
CryptonV-12_CFl_1p	LR633962.1	27.632	228	137	7	69	288	7764619	7765242	7.64e-12	82.0	Gadus morhua
CryptonV-12_CFl_1p	LR633962.1	26.316	228	138	7	434	660	7765546	7766142	5.02e-09	72.8	Gadus morhua
CryptonV-12_CFl_1p	LR633964.1	25.275	637	375	12	53	684	1370377	1368755	9.49e-50	201	Gadus morhua
CryptonV-12_CFl_1p	LR697118.1	26.061	660	355	14	71	709	3296343	3297986	1.66e-49	200	Chanos chanos
CryptonV-1_BTa_1p	AC144824.2	27.208	566	386	13	9	571	20018	18390	2.09e-49	201	Danio rerio
CryptonV-1_BTa_1p	AL929542.9	24.956	569	397	13	6	571	28125	26500	6.37e-45	187	Danio rerio
CryptonV-1_BTa_1p	BX004775.13	26.606	545	379	10	27	568	85398	83818	8.05e-47	192	Danio rerio
CryptonV-1_BTa_1p	BX323880.7	27.972	572	370	16	9	570	129190	130809	1.04e-52	211	Danio rerio
CryptonV-1_BTa_1p	BX324230.15	24.956	569	397	13	6	571	59722	58097	6.45e-45	187	Danio rerio
CryptonV-1_BTa_1p	CP020621.1	28.421	570	380	14	3	569	6851565	6849931	1.80e-49	201	Oryzias latipes
CryptonV-1_BTa_1p	CP020630.1	27.660	564	378	13	8	568	16215854	16214244	1.65e-50	204	Oryzias latipes
CryptonV-1_BTa_1p	CP020633.1	26.203	561	388	12	9	568	9581139	9582746	2.22e-49	201	Oryzias latipes
CryptonV-1_BTa_1p	CP020633.1	25.000	568	391	12	8	568	6971353	6972972	1.06e-42	180	Oryzias latipes
CryptonV-1_BTa_1p	CP020633.1	25.880	568	387	14	9	571	28150973	28149357	7.39e-40	171	Oryzias latipes
CryptonV-1_BTa_1p	CP020636.1	28.596	570	379	14	3	569	6477962	6479596	1.12e-49	201	Oryzias latipes
CryptonV-1_BTa_1p	CP020638.1	27.482	564	379	13	8	568	24664512	24666122	1.16e-49	201	Oryzias latipes
CryptonV-1_BTa_1p	CP020666.1	26.690	562	385	13	9	568	8111473	8109863	1.48e-50	204	Oryzias latipes
CryptonV-1_BTa_1p	CP020666.1	26.534	603	399	20	1	594	24637954	24639657	9.60e-45	186	Oryzias latipes
CryptonV-1_BTa_1p	CP020666.1	25.000	568	391	12	8	568	17734251	17735870	1.06e-42	180	Oryzias latipes
CryptonV-1_BTa_1p	CP020669.1	26.690	562	385	13	9	568	6059044	6057434	1.48e-50	204	Oryzias latipes
CryptonV-1_BTa_1p	CP020681.1	28.674	558	370	14	15	569	2148890	2150488	2.54e-49	200	Oryzias latipes
CryptonV-1_BTa_1p	CP026247.1	26.738	561	384	12	11	568	17263107	17264717	5.54e-48	196	Scophthalmus maximus
CryptonV-1_BTa_1p	CP026257.1	25.577	563	392	13	8	568	789375	790988	2.20e-46	191	Scophthalmus maximus
CryptonV-1_BTa_1p	CP027268.1	27.915	566	382	12	9	571	17277955	17279583	1.71e-51	207	Lateolabrax maculatus
CryptonV-1_BTa_1p	CR352215.34	27.208	566	386	13	9	571	82443	84071	7.99e-50	202	Danio rerio
CryptonV-1_BTa_1p	CR533430.7	26.606	545	379	10	27	568	160788	162368	8.13e-47	192	Danio rerio
CryptonV-1_BTa_1p	CR847803.7	27.972	572	370	16	9	570	2945	1326	1.02e-52	211	Danio rerio
CryptonV-1_BTa_1p	CU929234.11	24.956	569	397	13	6	571	18285	16660	6.37e-45	187	Danio rerio
CryptonV-1_BTa_1p	FP102122.22	27.208	566	386	13	9	571	124769	126397	2.90e-49	200	Danio rerio
CryptonV-1_BTa_1p	HF933211.1	26.690	562	385	13	9	568	4513234	4511624	1.48e-50	204	Oryzias latipes
CryptonV-1_BTa_1p	LN590683.1	27.448	572	380	13	3	568	7987821	7986193	1.06e-48	198	Cyprinus carpio
CryptonV-1_BTa_1p	LN590683.1	30.303	264	178	3	307	568	15631117	15630338	8.02e-20	107	Cyprinus carpio
CryptonV-1_BTa_1p	LN590683.1	28.464	267	181	6	178	441	15632329	15631550	7.94e-18	101	Cyprinus carpio
CryptonV-1_BTa_1p	LN591439.1	27.163	578	383	16	1	570	1087472	1089115	1.55e-49	201	Cyprinus carpio
CryptonV-1_BTa_1p	LN591542.1	25.490	561	393	12	8	568	302334	300727	6.00e-47	193	Cyprinus carpio
CryptonV-1_BTa_1p	LN591542.1	31.343	134	76	6	8	141	168626	168273	1.04e-06	65.1	Cyprinus carpio
CryptonV-1_BTa_1p	LN592931.1	27.419	558	371	15	17	569	7071	8657	7.77e-46	189	Cyprinus carpio
CryptonV-1_BTa_1p	LN595275.1	26.568	606	403	19	1	598	120193	121908	2.31e-47	194	Cyprinus carpio
CryptonV-1_BTa_1p	LN596339.1	27.448	572	380	13	3	568	597783	596155	1.06e-48	198	Cyprinus carpio
CryptonV-1_BTa_1p	LN596729.1	27.690	567	377	12	5	568	134083	135693	2.06e-48	197	Cyprinus carpio
CryptonV-1_BTa_1p	LN598384.1	25.801	562	391	13	8	568	93436	95046	5.53e-48	196	Cyprinus carpio
CryptonV-1_BTa_1p	LR131960.1	26.923	546	372	11	27	568	6784842	6786410	5.06e-48	196	Parambassis ranga
CryptonV-1_BTa_1p	LR131960.1	29.858	211	146	1	359	569	8834149	8834775	9.49e-15	91.3	Parambassis ranga
CryptonV-1_BTa_1p	LR131960.1	28.910	211	148	1	359	569	1302010	1302636	2.28e-13	87.0	Parambassis ranga
CryptonV-1_BTa_1p	LR131962.1	25.755	563	389	15	9	568	1872072	1870462	3.79e-48	197	Parambassis ranga
CryptonV-1_BTa_1p	LR131962.1	29.858	211	146	1	359	569	10882803	10883429	6.93e-15	92.0	Parambassis ranga
CryptonV-1_BTa_1p	LR131963.1	27.757	544	371	10	27	569	22324323	22322755	4.86e-46	190	Parambassis ranga
CryptonV-1_BTa_1p	LR131963.1	29.384	211	147	1	359	569	1992692	1992066	6.94e-14	88.6	Parambassis ranga
CryptonV-1_BTa_1p	LR131965.1	25.933	563	388	15	9	568	3237341	3235731	9.29e-49	199	Parambassis ranga
CryptonV-1_BTa_1p	LR131966.1	25.755	563	389	15	9	568	12146	13756	3.79e-48	197	Parambassis ranga
CryptonV-1_BTa_1p	LR131973.1	25.933	563	388	15	9	568	8324858	8323248	8.80e-49	199	Parambassis ranga
CryptonV-1_BTa_1p	LR131975.1	27.757	544	371	10	27	569	23536192	23534624	4.99e-46	190	Parambassis ranga
CryptonV-1_BTa_1p	LR131975.1	25.085	590	406	18	8	594	1400266	1401936	2.20e-37	164	Parambassis ranga
CryptonV-1_BTa_1p	LR131975.1	29.858	211	146	1	359	569	244405	245031	1.14e-14	91.3	Parambassis ranga
CryptonV-1_BTa_1p	LR131975.1	21.549	297	222	6	95	387	37400	36531	1.85e-10	77.4	Parambassis ranga
CryptonV-1_BTa_1p	LR131980.1	25.933	563	388	15	9	568	1827973	1826363	9.90e-49	199	Parambassis ranga
CryptonV-1_BTa_1p	LR131980.1	29.858	211	146	1	359	569	2782274	2781648	1.14e-14	91.3	Parambassis ranga
CryptonV-1_BTa_1p	LR131995.1	27.094	561	384	14	9	568	603473	605083	1.15e-47	195	Gouania willdenowi
CryptonV-1_BTa_1p	LR131995.1	24.713	348	232	11	1	344	4869066	4870031	2.33e-31	101	Gouania willdenowi
CryptonV-1_BTa_1p	LR131995.1	26.984	189	135	2	348	536	4870039	4870596	2.33e-31	66.6	Gouania willdenowi
CryptonV-1_BTa_1p	LR132000.1	27.094	561	384	14	9	568	36193559	36195169	1.22e-47	195	Gouania willdenowi
CryptonV-1_BTa_1p	LR132000.1	27.094	561	384	14	9	568	72354548	72356158	4.32e-46	191	Gouania willdenowi
CryptonV-1_BTa_1p	LR132000.1	25.729	377	259	11	27	401	36173207	36174280	1.10e-37	113	Gouania willdenowi
CryptonV-1_BTa_1p	LR132000.1	30.409	171	115	2	399	569	36174273	36174773	1.10e-37	76.3	Gouania willdenowi
CryptonV-1_BTa_1p	LR132004.1	27.094	561	384	14	9	568	3413582	3411972	1.16e-47	195	Gouania willdenowi
CryptonV-1_BTa_1p	LR132025.2	27.706	545	370	13	27	568	11178697	11180268	3.41e-45	188	Betta splendens
CryptonV-1_BTa_1p	LR132038.1	26.690	562	386	12	8	568	13989122	13987512	5.69e-48	196	Anabas testudineus
CryptonV-1_BTa_1p	LR132038.1	23.857	503	369	7	70	571	24056477	24057946	1.06e-35	158	Anabas testudineus
CryptonV-1_BTa_1p	LR132038.1	25.430	523	364	13	12	531	21057895	21056396	9.72e-33	149	Anabas testudineus
CryptonV-1_BTa_1p	LR132042.1	26.690	562	386	12	8	568	1862259	1863869	5.69e-48	196	Anabas testudineus
CryptonV-1_BTa_1p	LR535825.1	26.923	572	388	12	1	568	20757895	20756258	7.74e-45	187	Denticeps clupeoides
CryptonV-1_BTa_1p	LR535825.1	32.308	130	71	7	8	136	19228562	19228221	0.008	52.4	Denticeps clupeoides
CryptonV-1_BTa_1p	LR535842.1	27.451	408	276	11	186	588	21646391	21647569	7.86e-49	157	Mastacembelus armatus
CryptonV-1_BTa_1p	LR535842.1	33.333	153	81	7	1	149	21645886	21646293	7.86e-49	68.9	Mastacembelus armatus
CryptonV-1_BTa_1p	LR535842.1	25.088	570	400	14	1	568	25803812	25802178	1.20e-39	171	Mastacembelus armatus
CryptonV-1_BTa_1p	LR535842.1	28.387	155	109	1	443	595	28817177	28816713	9.44e-07	65.5	Mastacembelus armatus
CryptonV-1_BTa_1p	LR535842.1	23.810	294	200	10	8	299	28007094	28007909	1.81e-06	64.3	Mastacembelus armatus
CryptonV-1_BTa_1p	LR535842.1	23.926	163	98	5	444	580	28008329	28008817	9.8	42.4	Mastacembelus armatus
CryptonV-1_BTa_1p	LR537122.1	25.131	573	404	13	2	569	15870332	15868674	1.36e-44	186	Sparus aurata
CryptonV-1_BTa_1p	LR537122.1	26.335	543	375	13	13	554	25970822	25969266	3.85e-41	175	Sparus aurata
CryptonV-1_BTa_1p	LR537122.1	28.241	216	135	8	4	218	913275	913865	2.68e-10	77.0	Sparus aurata
CryptonV-1_BTa_1p	LR537124.1	27.923	573	373	14	5	568	17872334	17873959	1.90e-54	216	Sparus aurata
CryptonV-1_BTa_1p	LR537124.1	27.357	541	348	15	5	536	4061815	4063329	2.87e-43	182	Sparus aurata
CryptonV-1_BTa_1p	LR537124.1	27.241	569	386	14	5	569	23960518	23962152	6.89e-41	174	Sparus aurata
CryptonV-1_BTa_1p	LR537124.1	28.070	456	313	6	115	568	39599952	39598624	2.06e-39	170	Sparus aurata
CryptonV-1_BTa_1p	LR537124.1	26.316	190	130	4	383	568	32991414	32990863	2.2	44.3	Sparus aurata
CryptonV-1_BTa_1p	LR537124.1	26.316	190	130	4	383	568	4277019	4276468	2.7	44.3	Sparus aurata
CryptonV-1_BTa_1p	LR537124.1	25.668	187	135	3	383	568	13516321	13516872	9.8	42.4	Sparus aurata
CryptonV-1_BTa_1p	LR537138.1	25.305	573	403	13	2	569	5347465	5349123	2.46e-45	188	Sparus aurata
CryptonV-1_BTa_1p	LR537138.1	25.591	254	187	1	315	568	11447673	11446918	1.39e-16	97.4	Sparus aurata
CryptonV-1_BTa_1p	LR537138.1	30.588	85	55	2	62	146	12019148	12018906	2.5	44.3	Sparus aurata
CryptonV-1_BTa_1p	LR584075.1	27.191	559	379	10	9	565	8131978	8133576	1.67e-52	210	Scleropages formosus
CryptonV-1_BTa_1p	LR584084.1	27.191	559	379	10	9	565	8891633	8893231	1.67e-52	210	Scleropages formosus
CryptonV-1_BTa_1p	LR584233.2	28.342	561	373	13	12	569	12122404	12120800	3.35e-51	206	Takifugu rubripes
CryptonV-1_BTa_1p	LR584233.2	23.091	537	378	16	5	538	16141321	16139807	3.39e-24	122	Takifugu rubripes
CryptonV-1_BTa_1p	LR584238.1	29.055	561	369	14	12	569	10473072	10471468	1.42e-51	207	Takifugu rubripes
CryptonV-1_BTa_1p	LR584244.1	28.342	561	373	13	12	569	11819912	11818308	4.06e-51	206	Takifugu rubripes
CryptonV-1_BTa_1p	LR584246.2	28.342	561	373	13	12	569	10978904	10977300	4.06e-51	206	Takifugu rubripes
CryptonV-1_BTa_1p	LR584247.1	27.986	561	375	14	12	569	7257975	7259579	2.02e-47	194	Takifugu rubripes
CryptonV-1_BTa_1p	LR584248.2	24.733	562	398	11	9	569	790318	791931	7.56e-47	193	Takifugu rubripes
CryptonV-1_BTa_1p	LR584248.2	21.811	541	396	13	34	568	885759	884200	5.32e-23	118	Takifugu rubripes
CryptonV-1_BTa_1p	LR584248.2	22.222	549	371	21	11	553	889589	888093	2.60e-15	93.2	Takifugu rubripes
CryptonV-1_BTa_1p	LR584249.2	27.986	561	375	14	12	569	7633170	7634774	2.21e-47	194	Takifugu rubripes
CryptonV-1_BTa_1p	LR597437.1	28.846	572	377	12	2	569	27816141	27817778	4.82e-50	202	Salarias fasciatus
CryptonV-1_BTa_1p	LR597441.1	29.191	507	347	9	64	568	16643955	16645445	2.80e-51	206	Salarias fasciatus
CryptonV-1_BTa_1p	LR597441.1	29.167	168	117	1	401	568	8658223	8657726	1.81e-25	75.5	Salarias fasciatus
CryptonV-1_BTa_1p	LR597441.1	23.718	156	114	4	120	274	8659052	8658597	1.81e-25	57.4	Salarias fasciatus
CryptonV-1_BTa_1p	LR597441.1	27.500	80	58	0	315	394	8658480	8658241	1.81e-25	35.4	Salarias fasciatus
CryptonV-1_BTa_1p	LR597445.1	25.618	566	394	12	9	571	23116909	23115284	1.49e-46	192	Salarias fasciatus
CryptonV-1_BTa_1p	LR597445.1	25.862	232	165	6	115	344	11621351	11620671	1.73e-11	80.9	Salarias fasciatus
CryptonV-1_BTa_1p	LR597459.1	29.247	571	376	14	2	569	25538711	25540348	1.52e-50	204	Sphaeramia orbicularis
CryptonV-1_BTa_1p	LR597461.1	26.362	569	395	9	2	569	43737984	43739621	3.14e-50	203	Sphaeramia orbicularis
CryptonV-1_BTa_1p	LR597462.1	29.072	571	377	14	2	569	38682155	38680518	5.69e-51	205	Sphaeramia orbicularis
CryptonV-1_BTa_1p	LR597463.1	29.247	571	376	14	2	569	57483287	57481650	1.64e-52	210	Sphaeramia orbicularis
CryptonV-1_BTa_1p	LR597463.1	27.580	562	375	13	13	569	43077068	43075464	2.77e-43	182	Sphaeramia orbicularis
CryptonV-1_BTa_1p	LR597463.1	22.014	427	315	6	178	593	54853909	54855168	6.31e-20	108	Sphaeramia orbicularis
CryptonV-1_BTa_1p	LR597465.1	27.368	570	376	16	9	569	54932669	54931047	1.38e-45	189	Sphaeramia orbicularis
CryptonV-1_BTa_1p	LR597466.1	29.247	571	376	14	2	569	35898884	35900521	2.32e-52	209	Sphaeramia orbicularis
CryptonV-1_BTa_1p	LR597466.1	28.120	569	371	15	5	568	56336429	56338036	1.68e-50	204	Sphaeramia orbicularis
CryptonV-1_BTa_1p	LR597466.1	26.362	569	395	9	2	569	47021687	47020050	3.14e-50	203	Sphaeramia orbicularis
CryptonV-1_BTa_1p	LR597466.1	27.103	535	349	15	6	531	18147305	18145797	2.30e-37	164	Sphaeramia orbicularis
CryptonV-1_BTa_1p	LR597466.1	25.823	395	247	16	9	389	47044857	47043769	7.17e-35	103	Sphaeramia orbicularis
CryptonV-1_BTa_1p	LR597466.1	30.058	173	119	1	397	569	47043755	47043243	7.17e-35	76.6	Sphaeramia orbicularis
CryptonV-1_BTa_1p	LR597466.1	22.864	398	290	9	73	464	46528295	46527135	5.34e-19	96.3	Sphaeramia orbicularis
CryptonV-1_BTa_1p	LR597466.1	34.783	46	25	2	1	43	46528482	46528351	5.34e-19	30.4	Sphaeramia orbicularis
CryptonV-1_BTa_1p	LR597466.1	34.286	70	46	0	500	569	47088639	47088430	0.20	47.8	Sphaeramia orbicularis
CryptonV-1_BTa_1p	LR597467.1	27.368	570	376	16	9	569	49171469	49173091	6.18e-45	187	Sphaeramia orbicularis
CryptonV-1_BTa_1p	LR597468.1	27.422	547	374	11	27	569	47820123	47821706	9.18e-50	202	Sphaeramia orbicularis
CryptonV-1_BTa_1p	LR597468.1	26.923	312	220	6	115	425	7712071	7712985	2.59e-27	117	Sphaeramia orbicularis
CryptonV-1_BTa_1p	LR597468.1	32.609	92	49	4	27	118	7711839	7712075	2.59e-27	36.6	Sphaeramia orbicularis
CryptonV-1_BTa_1p	LR597468.1	31.818	110	73	1	462	569	7713895	7714224	5.78e-07	65.9	Sphaeramia orbicularis
CryptonV-1_BTa_1p	LR597469.1	26.667	570	394	11	4	571	76013179	76011536	2.95e-50	203	Sphaeramia orbicularis
CryptonV-1_BTa_1p	LR597469.1	26.549	452	294	16	9	451	11981427	11982695	8.78e-40	129	Sphaeramia orbicularis
CryptonV-1_BTa_1p	LR597469.1	31.624	117	80	0	453	569	11982692	11983042	8.78e-40	67.0	Sphaeramia orbicularis
CryptonV-1_BTa_1p	LR597472.1	26.868	562	384	14	9	568	19217147	19218757	8.94e-50	202	Sphaeramia orbicularis
CryptonV-1_BTa_1p	LR597472.1	26.408	568	394	12	3	569	44729015	44727381	5.41e-41	175	Sphaeramia orbicularis
CryptonV-1_BTa_1p	LR597479.1	25.749	334	244	2	235	568	9655403	9654414	1.62e-44	137	Sphaeramia orbicularis
CryptonV-1_BTa_1p	LR597479.1	27.826	230	144	11	9	236	9656025	9655396	1.62e-44	74.7	Sphaeramia orbicularis
CryptonV-1_BTa_1p	LR597551.1	26.140	570	396	11	2	569	252450	250810	3.52e-49	200	Myripristis murdjan
CryptonV-1_BTa_1p	LR597558.1	26.140	570	396	11	2	569	33252692	33254332	3.52e-49	200	Myripristis murdjan
CryptonV-1_BTa_1p	LR597568.1	26.173	554	379	12	5	554	22754682	22753099	8.86e-45	186	Myripristis murdjan
CryptonV-1_BTa_1p	LR597568.1	25.993	554	379	13	5	554	22757363	22755783	1.87e-41	176	Myripristis murdjan
CryptonV-1_BTa_1p	LR597568.1	26.814	317	206	10	5	319	22752004	22751126	4.25e-22	115	Myripristis murdjan
CryptonV-1_BTa_1p	LR597570.1	27.465	568	377	13	5	568	31869210	31867600	1.41e-47	195	Myripristis murdjan
CryptonV-1_BTa_1p	LR597570.1	23.818	571	393	15	17	575	7055541	7057163	1.62e-31	145	Myripristis murdjan
CryptonV-1_BTa_1p	LR633944.1	26.288	563	388	12	8	568	13799859	13801472	6.26e-47	193	Gadus morhua
CryptonV-1_BTa_1p	LR633944.1	26.372	565	385	14	9	569	14799934	14801547	4.71e-45	187	Gadus morhua
CryptonV-1_BTa_1p	LR633944.1	25.709	564	389	12	9	569	14421076	14419466	2.34e-43	182	Gadus morhua
CryptonV-1_BTa_1p	LR633944.1	25.837	418	286	11	27	441	14711807	14712997	2.45e-35	122	Gadus morhua
CryptonV-1_BTa_1p	LR633944.1	28.947	114	79	1	458	569	14713045	14713386	2.45e-35	59.3	Gadus morhua
CryptonV-1_BTa_1p	LR633944.1	26.692	266	192	2	310	575	14811648	14812436	1.72e-33	100	Gadus morhua
CryptonV-1_BTa_1p	LR633944.1	26.471	204	141	7	115	316	14811079	14811669	1.72e-33	74.7	Gadus morhua
CryptonV-1_BTa_1p	LR633944.1	26.840	231	129	12	9	229	14395582	14396184	8.29e-05	58.9	Gadus morhua
CryptonV-1_BTa_1p	LR633944.1	25.385	260	163	9	306	549	14396346	14397080	0.009	52.4	Gadus morhua
CryptonV-1_BTa_1p	LR633944.1	28.916	83	59	0	486	568	14850540	14850788	5.5	43.1	Gadus morhua
CryptonV-1_BTa_1p	LR633946.1	27.094	561	379	16	12	569	17818068	17819669	1.34e-46	192	Gadus morhua
CryptonV-1_BTa_1p	LR633946.1	26.111	540	368	13	17	554	41540415	41541947	5.46e-40	172	Gadus morhua
CryptonV-1_BTa_1p	LR633948.1	26.288	563	388	12	8	568	27575296	27576909	1.45e-47	195	Gadus morhua
CryptonV-1_BTa_1p	LR633948.1	27.706	545	367	12	27	568	7553136	7554698	1.02e-43	183	Gadus morhua
CryptonV-1_BTa_1p	LR633948.1	25.709	494	346	10	32	522	24358863	24357436	6.34e-39	162	Gadus morhua
CryptonV-1_BTa_1p	LR633948.1	40.000	35	21	0	535	569	24357400	24357296	6.34e-39	30.8	Gadus morhua
CryptonV-1_BTa_1p	LR633949.1	26.560	561	387	15	9	568	6967145	6965535	1.40e-46	192	Gadus morhua
CryptonV-1_BTa_1p	LR633949.1	26.738	561	380	15	12	569	1135491	1137089	1.38e-42	180	Gadus morhua
CryptonV-1_BTa_1p	LR633949.1	23.756	442	324	7	115	554	7030339	7029047	3.93e-27	131	Gadus morhua
CryptonV-1_BTa_1p	LR633949.1	26.064	376	243	13	27	394	6991188	6992234	5.46e-20	108	Gadus morhua
CryptonV-1_BTa_1p	LR633949.1	25.984	127	88	1	462	588	6788069	6787707	0.002	54.3	Gadus morhua
CryptonV-1_BTa_1p	LR633949.1	30.526	95	66	0	474	568	7362438	7362722	0.40	47.0	Gadus morhua
CryptonV-1_BTa_1p	LR633950.1	26.560	561	387	15	9	568	12096395	12098005	1.40e-46	192	Gadus morhua
CryptonV-1_BTa_1p	LR633950.1	25.907	579	390	20	1	568	28203270	28201618	4.19e-42	178	Gadus morhua
CryptonV-1_BTa_1p	LR633950.1	26.596	564	379	16	8	568	26169026	26167431	5.24e-39	169	Gadus morhua
CryptonV-1_BTa_1p	LR633950.1	25.741	540	370	13	17	554	22851536	22853068	9.60e-39	168	Gadus morhua
CryptonV-1_BTa_1p	LR633950.1	25.969	258	189	1	311	568	23481474	23480707	3.76e-33	102	Gadus morhua
CryptonV-1_BTa_1p	LR633950.1	23.509	285	193	10	1	279	23482358	23481561	3.76e-33	71.6	Gadus morhua
CryptonV-1_BTa_1p	LR633950.1	35.294	85	55	0	470	554	12064837	12065091	2.95e-04	57.0	Gadus morhua
CryptonV-1_BTa_1p	LR633951.1	26.110	563	389	12	8	568	24959595	24957982	4.90e-47	193	Gadus morhua
CryptonV-1_BTa_1p	LR633951.1	29.082	196	136	2	374	568	19553785	19554366	1.47e-13	87.4	Gadus morhua
CryptonV-1_BTa_1p	LR633953.1	26.560	561	387	15	9	568	251817	253427	1.40e-46	192	Gadus morhua
CryptonV-1_BTa_1p	LR633953.1	24.265	544	382	14	13	554	30576911	30575364	8.86e-39	168	Gadus morhua
CryptonV-1_BTa_1p	LR633953.1	25.432	405	269	12	4	404	30648337	30647210	4.60e-23	118	Gadus morhua
CryptonV-1_BTa_1p	LR633953.1	27.083	240	157	6	258	490	9399564	9398878	2.67e-09	73.6	Gadus morhua
CryptonV-1_BTa_1p	LR633953.1	36.111	72	46	0	497	568	9397998	9397783	0.042	50.1	Gadus morhua
CryptonV-1_BTa_1p	LR633955.1	26.165	558	389	11	15	569	27586506	27584893	7.84e-46	190	Gadus morhua
CryptonV-1_BTa_1p	LR633955.1	23.419	585	411	15	8	588	26710529	26708874	7.88e-32	146	Gadus morhua
CryptonV-1_BTa_1p	LR633955.1	26.523	279	201	2	278	554	23544887	23545717	6.15e-20	108	Gadus morhua
CryptonV-1_BTa_1p	LR633955.1	32.456	114	75	1	443	554	27529687	27529346	2.41e-06	63.9	Gadus morhua
CryptonV-1_BTa_1p	LR633955.1	25.926	135	97	3	110	243	27530668	27530270	3.67e-05	51.2	Gadus morhua
CryptonV-1_BTa_1p	LR633955.1	36.364	55	32	2	64	118	27530804	27530649	3.67e-05	28.1	Gadus morhua
CryptonV-1_BTa_1p	LR633955.1	29.907	107	75	0	462	568	23399127	23399447	7.10e-04	55.8	Gadus morhua
CryptonV-1_BTa_1p	LR633955.1	27.551	98	69	2	220	317	23544720	23545007	2.3	44.3	Gadus morhua
CryptonV-1_BTa_1p	LR633956.1	26.560	561	387	15	9	568	23524889	23523279	1.40e-46	192	Gadus morhua
CryptonV-1_BTa_1p	LR633960.1	27.687	549	361	14	5	549	7821161	7819611	1.82e-48	198	Gadus morhua
CryptonV-1_BTa_1p	LR633960.1	25.085	590	397	16	5	579	18603683	18602004	6.91e-37	162	Gadus morhua
CryptonV-1_BTa_1p	LR633960.1	23.719	527	369	14	54	568	22032057	22033574	3.94e-25	125	Gadus morhua
CryptonV-1_BTa_1p	LR633960.1	23.196	388	289	6	183	568	19026401	19027543	4.17e-22	115	Gadus morhua
CryptonV-1_BTa_1p	LR633960.1	25.902	305	219	5	263	565	19119806	19120705	3.80e-16	95.9	Gadus morhua
CryptonV-1_BTa_1p	LR633961.1	26.560	561	387	15	9	568	4642561	4644171	1.40e-46	192	Gadus morhua
CryptonV-1_BTa_1p	LR633961.1	26.596	564	379	16	8	568	101941	103536	5.24e-39	169	Gadus morhua
CryptonV-1_BTa_1p	LR633961.1	23.419	427	299	14	58	476	4141744	4142964	1.31e-14	90.9	Gadus morhua
CryptonV-1_BTa_1p	LR633962.1	27.387	555	368	13	4	554	14465799	14467370	7.81e-48	196	Gadus morhua
CryptonV-1_BTa_1p	LR633962.1	22.472	534	370	13	17	538	7764637	7766142	1.11e-26	130	Gadus morhua
CryptonV-1_BTa_1p	LR633964.1	26.538	569	383	13	4	568	1370350	1368737	2.29e-47	194	Gadus morhua
CryptonV-1_BTa_1p	LR659122.1	35.125	279	167	4	299	564	363637	362804	1.69e-46	174	Leptidea sinapis
CryptonV-1_BTa_1p	LR659122.1	28.378	74	53	0	219	292	363885	363664	1.69e-46	44.3	Leptidea sinapis
CryptonV-1_BTa_1p	LR697118.1	27.478	575	379	18	1	568	3296307	3297938	7.27e-49	199	Chanos chanos
CryptonV-1_CFl_1p	AL929542.9	31.495	562	354	10	69	617	28137	26506	6.99e-72	266	Danio rerio
CryptonV-1_CFl_1p	BX004775.13	31.664	559	370	8	81	632	85431	83770	1.66e-74	274	Danio rerio
CryptonV-1_CFl_1p	BX324230.15	31.495	562	354	10	69	617	59734	58103	7.08e-72	266	Danio rerio
CryptonV-1_CFl_1p	CP020633.1	31.261	547	351	10	80	616	9581151	9582746	2.46e-73	270	Oryzias latipes
CryptonV-1_CFl_1p	CP020633.1	28.597	556	378	10	70	617	28150997	28149363	7.48e-58	224	Oryzias latipes
CryptonV-1_CFl_1p	CP020633.1	28.520	554	360	14	80	616	6971368	6972972	9.40e-57	221	Oryzias latipes
CryptonV-1_CFl_1p	CP020666.1	30.944	572	363	13	62	616	8111533	8109863	1.11e-72	268	Oryzias latipes
CryptonV-1_CFl_1p	CP020666.1	30.000	570	364	12	80	633	24637999	24639651	3.02e-64	243	Oryzias latipes
CryptonV-1_CFl_1p	CP020666.1	28.520	554	360	14	80	616	17734266	17735870	7.19e-57	221	Oryzias latipes
CryptonV-1_CFl_1p	CP020669.1	30.944	572	363	13	62	616	6059104	6057434	1.11e-72	268	Oryzias latipes
CryptonV-1_CFl_1p	CP026247.1	30.565	566	371	9	77	632	17263104	17264765	3.39e-71	264	Scophthalmus maximus
CryptonV-1_CFl_1p	CR533430.7	31.664	559	370	8	81	632	160755	162416	1.67e-74	274	Danio rerio
CryptonV-1_CFl_1p	CU929234.11	31.495	562	354	10	69	617	18297	16666	6.99e-72	266	Danio rerio
CryptonV-1_CFl_1p	FQ310506.3	30.109	548	363	9	77	616	8845478	8843871	1.33e-69	259	Dicentrarchus labrax
CryptonV-1_CFl_1p	HF933211.1	30.944	572	363	13	62	616	4513294	4511624	1.11e-72	268	Oryzias latipes
CryptonV-1_CFl_1p	LN590683.1	31.399	586	370	13	62	632	7987851	7986145	2.62e-73	270	Cyprinus carpio
CryptonV-1_CFl_1p	LN590683.1	32.601	273	178	2	362	634	15631084	15630284	3.28e-32	146	Cyprinus carpio
CryptonV-1_CFl_1p	LN590683.1	26.963	382	244	10	224	591	15632329	15631247	6.31e-17	98.2	Cyprinus carpio
CryptonV-1_CFl_1p	LN590683.1	54.839	31	14	0	80	110	15633400	15633308	2.9	43.9	Cyprinus carpio
CryptonV-1_CFl_1p	LN596339.1	31.399	586	370	13	62	632	597813	596107	2.62e-73	270	Cyprinus carpio
CryptonV-1_CFl_1p	LN596729.1	30.783	562	367	10	80	634	134107	135747	4.73e-70	261	Cyprinus carpio
CryptonV-1_CFl_1p	LN598384.1	29.094	574	382	10	75	638	93436	95112	1.69e-69	259	Cyprinus carpio
CryptonV-1_CFl_1p	LR131962.1	30.657	548	354	11	80	616	1872060	1870462	1.14e-73	271	Parambassis ranga
CryptonV-1_CFl_1p	LR131962.1	30.120	249	161	3	391	632	10882746	10883474	1.99e-25	125	Parambassis ranga
CryptonV-1_CFl_1p	LR131965.1	30.657	548	354	11	80	616	3237329	3235731	7.10e-74	272	Parambassis ranga
CryptonV-1_CFl_1p	LR131965.1	31.646	79	53	1	79	156	31526	31290	0.005	47.0	Parambassis ranga
CryptonV-1_CFl_1p	LR131965.1	33.333	36	22	1	153	186	31314	31207	0.005	24.6	Parambassis ranga
CryptonV-1_CFl_1p	LR131966.1	30.657	548	354	11	80	616	12158	13756	1.14e-73	271	Parambassis ranga
CryptonV-1_CFl_1p	LR131973.1	30.657	548	354	11	80	616	8324846	8323248	4.57e-74	273	Parambassis ranga
CryptonV-1_CFl_1p	LR131980.1	30.657	548	354	11	80	616	1827961	1826363	7.17e-74	272	Parambassis ranga
CryptonV-1_CFl_1p	LR131980.1	29.719	249	162	3	391	632	2782331	2781603	5.83e-25	124	Parambassis ranga
CryptonV-1_CFl_1p	LR132025.2	30.466	558	365	10	82	628	11178667	11180304	5.73e-69	258	Betta splendens
CryptonV-1_CFl_1p	LR132025.2	26.115	157	110	2	411	563	24127634	24128098	0.001	55.1	Betta splendens
CryptonV-1_CFl_1p	LR132025.2	34.483	58	38	0	80	137	29432574	29432401	0.92	45.4	Betta splendens
CryptonV-1_CFl_1p	LR132025.2	26.168	107	71	3	233	338	29417603	29417304	6.6	42.7	Betta splendens
CryptonV-1_CFl_1p	LR535825.1	29.319	573	374	9	74	632	20757877	20756210	2.13e-72	268	Denticeps clupeoides
CryptonV-1_CFl_1p	LR535825.1	31.250	112	69	3	79	186	19228550	19228227	0.002	54.3	Denticeps clupeoides
CryptonV-1_CFl_1p	LR535841.1	30.961	562	363	10	82	632	20326332	20324689	3.44e-70	261	Mastacembelus armatus
CryptonV-1_CFl_1p	LR535841.1	27.820	532	346	12	68	579	18511582	18513123	7.83e-50	200	Mastacembelus armatus
CryptonV-1_CFl_1p	LR537122.1	32.756	577	369	8	63	632	15870323	15868629	6.86e-79	287	Sparus aurata
CryptonV-1_CFl_1p	LR537122.1	29.537	562	362	13	80	626	25970822	25969194	1.86e-61	235	Sparus aurata
CryptonV-1_CFl_1p	LR537122.1	25.490	204	121	8	71	257	913272	913841	9.28e-08	68.6	Sparus aurata
CryptonV-1_CFl_1p	LR537122.1	28.421	95	62	2	469	563	30966592	30966858	8.69e-06	47.4	Sparus aurata
CryptonV-1_CFl_1p	LR537122.1	30.588	85	58	1	362	445	30966278	30966532	8.69e-06	33.9	Sparus aurata
CryptonV-1_CFl_1p	LR537122.1	24.183	153	97	5	141	284	910308	910736	1.94e-05	50.8	Sparus aurata
CryptonV-1_CFl_1p	LR537122.1	44.000	25	14	0	84	108	910135	910209	1.94e-05	29.3	Sparus aurata
CryptonV-1_CFl_1p	LR537122.1	22.222	144	108	1	453	596	911102	911521	0.002	54.7	Sparus aurata
CryptonV-1_CFl_1p	LR537138.1	32.756	577	369	8	63	632	5347474	5349168	3.82e-79	288	Sparus aurata
CryptonV-1_CFl_1p	LR537138.1	31.518	257	166	3	364	616	11447670	11446918	1.21e-32	148	Sparus aurata
CryptonV-1_CFl_1p	LR537138.1	26.201	229	121	11	114	332	12019157	12018585	1.21e-09	58.9	Sparus aurata
CryptonV-1_CFl_1p	LR537138.1	51.724	29	14	0	82	110	12019261	12019175	1.21e-09	35.8	Sparus aurata
CryptonV-1_CFl_1p	LR537138.1	35.632	87	54	1	550	636	12018195	12017941	5.66e-07	55.8	Sparus aurata
CryptonV-1_CFl_1p	LR537138.1	38.095	42	26	0	481	522	12018374	12018249	5.66e-07	29.3	Sparus aurata
CryptonV-1_CFl_1p	LR537138.1	44.444	45	24	1	80	124	11447893	11447762	1.7	44.7	Sparus aurata
CryptonV-1_CFl_1p	LR584233.2	29.879	579	381	10	68	634	12122446	12120749	8.17e-69	257	Takifugu rubripes
CryptonV-1_CFl_1p	LR584233.2	25.472	530	362	15	64	579	16141351	16139819	4.52e-36	158	Takifugu rubripes
CryptonV-1_CFl_1p	LR584238.1	29.879	579	381	10	68	634	10473114	10471417	1.33e-68	256	Takifugu rubripes
CryptonV-1_CFl_1p	LR584244.1	29.879	579	381	10	68	634	11819954	11818257	8.81e-69	257	Takifugu rubripes
CryptonV-1_CFl_1p	LR584246.2	29.879	579	381	10	68	634	10978946	10977249	8.81e-69	257	Takifugu rubripes
CryptonV-1_CFl_1p	LR597468.1	30.660	561	373	7	81	632	47820090	47821751	3.11e-70	261	Sphaeramia orbicularis
CryptonV-1_CFl_1p	LR597468.1	27.520	367	248	8	152	507	7712026	7713105	1.28e-34	124	Sphaeramia orbicularis
CryptonV-1_CFl_1p	LR597468.1	35.897	78	49	1	76	152	7711791	7712024	1.28e-34	54.7	Sphaeramia orbicularis
CryptonV-1_CFl_1p	LR597468.1	36.220	127	79	1	506	632	7713895	7714269	9.88e-13	84.7	Sphaeramia orbicularis
CryptonV-1_CFl_1p	LR597472.1	30.220	546	365	8	77	616	19217150	19218757	8.23e-70	260	Sphaeramia orbicularis
CryptonV-1_CFl_1p	LR597472.1	29.758	578	380	11	73	638	44729015	44727324	8.50e-65	245	Sphaeramia orbicularis
CryptonV-1_CFl_1p	LR633944.1	30.303	561	376	7	77	632	14421073	14419421	2.95e-71	264	Gadus morhua
CryptonV-1_CFl_1p	LR633944.1	29.893	562	378	8	77	632	14799937	14801592	1.91e-69	259	Gadus morhua
CryptonV-1_CFl_1p	LR633944.1	30.036	556	357	12	75	616	13799859	13801472	2.20e-69	259	Gadus morhua
CryptonV-1_CFl_1p	LR633944.1	28.986	414	277	7	81	484	14711774	14712994	9.52e-59	166	Gadus morhua
CryptonV-1_CFl_1p	LR633944.1	37.857	140	84	2	487	626	14713003	14713413	9.52e-59	93.2	Gadus morhua
CryptonV-1_CFl_1p	LR633944.1	31.102	254	168	3	363	616	14811675	14812415	1.03e-41	122	Gadus morhua
CryptonV-1_CFl_1p	LR633944.1	24.599	187	126	7	156	333	14811046	14811588	1.03e-41	60.1	Gadus morhua
CryptonV-1_CFl_1p	LR633944.1	35.385	65	42	0	74	138	14810805	14810999	1.03e-41	40.4	Gadus morhua
CryptonV-1_CFl_1p	LR633944.1	32.558	215	123	9	75	275	14395564	14396184	8.32e-15	89.0	Gadus morhua
CryptonV-1_CFl_1p	LR633944.1	43.478	23	13	0	296	318	14396216	14396284	8.32e-15	23.1	Gadus morhua
CryptonV-1_CFl_1p	LR633944.1	33.945	109	65	1	531	632	14850531	14850857	9.77e-09	71.6	Gadus morhua
CryptonV-1_CFl_1p	LR633944.1	26.866	268	163	6	382	634	14396442	14397191	1.74e-08	70.9	Gadus morhua
CryptonV-1_CFl_1p	LR633944.1	30.935	139	80	3	399	528	14848315	14848710	2.42e-07	67.0	Gadus morhua
CryptonV-1_CFl_1p	LR633948.1	30.380	553	359	11	75	616	27575296	27576909	1.05e-70	263	Gadus morhua
CryptonV-1_CFl_1p	LR633948.1	32.381	525	339	8	64	579	24358962	24357409	1.04e-65	244	Gadus morhua
CryptonV-1_CFl_1p	LR633948.1	35.849	53	32	1	582	634	24357403	24357251	1.04e-65	38.9	Gadus morhua
CryptonV-1_CFl_1p	LR633948.1	30.619	565	369	10	72	628	7553085	7554734	4.76e-65	246	Gadus morhua
CryptonV-1_CFl_1p	LR633951.1	30.380	553	359	11	75	616	24959595	24957982	2.57e-70	261	Gadus morhua
CryptonV-1_CFl_1p	LR633951.1	30.364	247	163	4	382	626	19553677	19554396	2.17e-24	122	Gadus morhua
CryptonV-1_CFl_1p	LR633951.1	28.421	190	126	6	89	274	19552819	19553370	7.63e-09	61.2	Gadus morhua
CryptonV-1_CFl_1p	LR633951.1	28.947	38	27	0	296	333	19553420	19553533	7.63e-09	30.4	Gadus morhua
CryptonV-1_CFl_1p	LR633955.1	33.045	578	373	8	64	634	27586560	27584848	7.06e-77	281	Gadus morhua
CryptonV-1_CFl_1p	LR633955.1	29.348	552	374	9	72	617	26710538	26708913	5.40e-60	231	Gadus morhua
CryptonV-1_CFl_1p	LR633955.1	29.811	265	166	8	79	332	23395773	23396540	4.38e-39	116	Gadus morhua
CryptonV-1_CFl_1p	LR633955.1	32.414	145	96	1	363	507	23396632	23397060	4.38e-39	77.8	Gadus morhua
CryptonV-1_CFl_1p	LR633955.1	36.719	256	158	2	361	616	23545004	23545759	5.24e-37	156	Gadus morhua
CryptonV-1_CFl_1p	LR633955.1	20.370	54	43	0	268	321	23544726	23544887	5.24e-37	30.0	Gadus morhua
CryptonV-1_CFl_1p	LR633955.1	40.000	125	73	1	481	605	27529705	27529337	4.46e-30	90.1	Gadus morhua
CryptonV-1_CFl_1p	LR633955.1	28.866	194	136	1	289	482	27530276	27529701	4.46e-30	73.6	Gadus morhua
CryptonV-1_CFl_1p	LR633955.1	33.333	123	78	1	506	628	23399127	23399483	6.31e-11	78.6	Gadus morhua
CryptonV-1_CFl_1p	LR633955.1	25.581	301	182	7	64	340	27530968	27530120	2.45e-09	73.6	Gadus morhua
CryptonV-1_CFl_1p	LR633959.1	32.453	530	336	9	81	597	20160825	20159263	6.45e-70	260	Gadus morhua
CryptonV-1_CFl_1p	LR633959.1	27.926	487	319	10	62	527	16957259	16955832	8.82e-54	173	Gadus morhua
CryptonV-1_CFl_1p	LR633959.1	38.462	91	56	0	542	632	16955797	16955525	8.82e-54	69.7	Gadus morhua
CryptonV-1_CFl_1p	LR633959.1	24.578	533	380	10	99	626	18013239	18011692	3.04e-31	143	Gadus morhua
CryptonV-1_CFl_1p	LR633959.1	31.405	121	70	4	377	491	16972934	16973275	0.064	49.3	Gadus morhua
CryptonV-1_CFl_1p	LR633959.1	29.897	97	49	3	240	336	16730151	16730384	3.1	43.9	Gadus morhua
CryptonV-1_CFl_1p	LR633962.1	32.150	535	342	10	80	609	14465826	14467382	5.71e-72	266	Gadus morhua
CryptonV-1_CFl_1p	LR633962.1	24.182	550	384	11	79	610	7764622	7766226	3.86e-33	149	Gadus morhua
CryptonV-1_CFl_1p	LR633964.1	31.028	564	371	9	80	638	1370323	1368671	1.92e-74	274	Gadus morhua
CryptonV-1_CGi_1p	AL831726.11	37.108	574	327	12	65	617	138509	140191	2.51e-106	364	Danio rerio
CryptonV-1_CGi_1p	AL929542.9	34.375	576	354	11	60	619	28137	26434	8.66e-94	328	Danio rerio
CryptonV-1_CGi_1p	BX005098.11	37.108	574	327	12	65	617	97874	99556	1.04e-106	365	Danio rerio
CryptonV-1_CGi_1p	BX322568.13	37.108	574	327	12	65	617	125073	123391	2.49e-106	364	Danio rerio
CryptonV-1_CGi_1p	BX324230.15	34.375	576	354	11	60	619	59734	58031	8.75e-94	328	Danio rerio
CryptonV-1_CGi_1p	BX649516.8	36.934	574	328	12	65	617	165343	167025	1.69e-105	362	Danio rerio
CryptonV-1_CGi_1p	CP020625.1	36.890	553	324	10	65	603	34383992	34385617	1.52e-98	342	Oryzias latipes
CryptonV-1_CGi_1p	CP020625.1	36.890	553	324	10	65	603	26184652	26186277	1.97e-98	342	Oryzias latipes
CryptonV-1_CGi_1p	CP020625.1	35.278	360	211	8	272	624	5836100	5837134	2.70e-86	214	Oryzias latipes
CryptonV-1_CGi_1p	CP020625.1	36.239	218	133	2	54	266	5835438	5836088	2.70e-86	136	Oryzias latipes
CryptonV-1_CGi_1p	CP020630.1	36.533	646	361	18	1	624	16216055	16214199	1.62e-109	374	Oryzias latipes
CryptonV-1_CGi_1p	CP020633.1	35.434	587	348	11	55	622	9581103	9582827	1.40e-99	345	Oryzias latipes
CryptonV-1_CGi_1p	CP020633.1	36.890	553	324	10	65	603	6971350	6972975	1.52e-98	342	Oryzias latipes
CryptonV-1_CGi_1p	CP020633.1	32.558	559	361	7	55	605	28151009	28149357	2.11e-86	306	Oryzias latipes
CryptonV-1_CGi_1p	CP020638.1	36.378	646	362	18	1	624	24664311	24666167	1.05e-108	371	Oryzias latipes
CryptonV-1_CGi_1p	CP020638.1	40.741	81	48	0	271	351	23079474	23079232	4.03e-14	66.6	Oryzias latipes
CryptonV-1_CGi_1p	CP020638.1	28.169	142	93	3	354	493	23079224	23078820	4.03e-14	42.7	Oryzias latipes
CryptonV-1_CGi_1p	CP020638.1	29.843	191	115	6	137	317	24954979	24955524	8.49e-11	78.2	Oryzias latipes
CryptonV-1_CGi_1p	CP020638.1	34.615	52	34	0	271	322	22990312	22990157	1.29e-08	47.4	Oryzias latipes
CryptonV-1_CGi_1p	CP020638.1	29.231	65	45	1	196	260	22990527	22990336	1.29e-08	43.5	Oryzias latipes
CryptonV-1_CGi_1p	CP020638.1	29.762	168	104	6	78	239	23157375	23156896	2.27e-07	67.0	Oryzias latipes
CryptonV-1_CGi_1p	CP020638.1	52.000	50	22	1	271	318	23091888	23091739	0.002	53.9	Oryzias latipes
CryptonV-1_CGi_1p	CP020641.1	36.890	553	324	10	65	603	30508606	30510231	1.52e-98	342	Oryzias latipes
CryptonV-1_CGi_1p	CP020641.1	29.642	587	374	18	59	624	11877110	11878816	1.42e-58	225	Oryzias latipes
CryptonV-1_CGi_1p	CP020666.1	35.739	582	344	11	55	624	8111509	8109818	2.92e-101	350	Oryzias latipes
CryptonV-1_CGi_1p	CP020666.1	36.890	553	324	10	65	603	17734248	17735873	1.52e-98	342	Oryzias latipes
CryptonV-1_CGi_1p	CP020666.1	36.639	595	335	16	26	603	24637894	24639603	1.26e-96	336	Oryzias latipes
CryptonV-1_CGi_1p	CP020666.1	32.812	64	43	0	78	141	24641136	24640945	0.11	40.0	Oryzias latipes
CryptonV-1_CGi_1p	CP020666.1	41.667	24	14	0	153	176	24640912	24640841	0.11	26.6	Oryzias latipes
CryptonV-1_CGi_1p	CP020669.1	35.739	582	344	11	55	624	6059080	6057389	2.92e-101	350	Oryzias latipes
CryptonV-1_CGi_1p	CP020682.1	34.315	577	349	9	63	620	190806	189109	2.19e-101	350	Oryzias latipes
CryptonV-1_CGi_1p	CP020682.1	34.343	99	61	2	249	347	25655110	25655394	2.06e-10	51.2	Oryzias latipes
CryptonV-1_CGi_1p	CP020682.1	29.825	114	74	3	137	244	25654764	25655105	2.06e-10	45.8	Oryzias latipes
CryptonV-1_CGi_1p	CP020682.1	31.818	132	88	2	27	158	23430278	23429889	9.86e-05	58.2	Oryzias latipes
CryptonV-1_CGi_1p	CP020682.1	54.000	50	21	1	271	318	23354034	23353885	4.95e-04	55.8	Oryzias latipes
CryptonV-1_CGi_1p	CP020682.1	23.077	130	63	5	196	322	23240593	23240306	0.032	50.1	Oryzias latipes
CryptonV-1_CGi_1p	CP020682.1	28.873	142	92	3	354	493	23343436	23343032	0.072	48.9	Oryzias latipes
CryptonV-1_CGi_1p	CP020682.1	26.515	132	94	2	69	199	23346284	23345895	0.41	46.6	Oryzias latipes
CryptonV-1_CGi_1p	CP020683.1	36.890	553	324	10	65	603	13090614	13092239	1.52e-98	342	Oryzias latipes
CryptonV-1_CGi_1p	CP020683.1	42.553	94	54	0	69	162	1776683	1776964	2.49e-10	76.6	Oryzias latipes
CryptonV-1_CGi_1p	CP026247.1	36.380	547	325	11	69	602	17263107	17264717	6.76e-94	328	Scophthalmus maximus
CryptonV-1_CGi_1p	CP026257.1	32.496	637	390	12	13	617	789168	791054	1.47e-97	339	Scophthalmus maximus
CryptonV-1_CGi_1p	CP032600.1	35.585	607	352	13	29	624	17298668	17300404	1.22e-97	339	Lateolabrax maculatus
CryptonV-1_CGi_1p	CP032600.1	30.909	165	97	5	412	560	10093493	10093002	5.39e-09	72.0	Lateolabrax maculatus
CryptonV-1_CGi_1p	CP032600.1	29.323	133	83	4	95	218	15004275	15004667	0.002	54.3	Lateolabrax maculatus
CryptonV-1_CGi_1p	CR759946.7	37.108	574	327	12	65	617	9822	8140	2.38e-106	364	Danio rerio
CryptonV-1_CGi_1p	CU137725.9	37.108	574	327	12	65	617	58292	59974	2.50e-106	364	Danio rerio
CryptonV-1_CGi_1p	CU694252.9	37.108	574	327	12	65	617	8515	6833	2.40e-106	364	Danio rerio
CryptonV-1_CGi_1p	CU929234.11	34.375	576	354	11	60	619	18297	16594	8.66e-94	328	Danio rerio
CryptonV-1_CGi_1p	FQ310506.3	34.021	582	359	10	53	618	8845523	8843805	1.41e-98	342	Dicentrarchus labrax
CryptonV-1_CGi_1p	HF933211.1	35.739	582	344	11	55	624	4513270	4511579	2.92e-101	350	Oryzias latipes
CryptonV-1_CGi_1p	LN591129.1	34.733	619	354	12	24	616	19515	21299	2.22e-104	359	Cyprinus carpio
CryptonV-1_CGi_1p	LN591542.1	35.368	557	335	12	77	624	302304	300682	1.37e-93	327	Cyprinus carpio
CryptonV-1_CGi_1p	LN591542.1	35.437	206	125	4	65	265	168629	168021	9.48e-25	122	Cyprinus carpio
CryptonV-1_CGi_1p	LN591542.1	34.444	90	57	1	349	436	167678	167409	4.35e-05	59.3	Cyprinus carpio
CryptonV-1_CGi_1p	LN591542.1	46.296	54	29	0	550	603	167111	166950	1.35e-04	57.8	Cyprinus carpio
CryptonV-1_CGi_1p	LN592931.1	37.708	541	311	10	75	602	7071	8654	1.50e-102	353	Cyprinus carpio
CryptonV-1_CGi_1p	LN593617.1	33.969	577	362	9	52	619	42101	40401	3.84e-94	329	Cyprinus carpio
CryptonV-1_CGi_1p	LN595275.1	35.506	583	358	9	31	603	120118	121842	7.60e-100	345	Cyprinus carpio
CryptonV-1_CGi_1p	LN596430.1	35.122	615	363	14	25	625	26349	24571	1.51e-95	333	Cyprinus carpio
CryptonV-1_CGi_1p	LN596729.1	35.211	568	347	9	61	616	134080	135756	4.75e-99	343	Cyprinus carpio
CryptonV-1_CGi_1p	LN596729.1	41.379	58	27	1	566	616	136803	136976	0.060	49.3	Cyprinus carpio
CryptonV-1_CGi_1p	LN598384.1	35.501	569	342	12	65	624	93433	95091	1.08e-98	342	Cyprinus carpio
CryptonV-1_CGi_1p	LR131962.1	34.251	581	358	9	53	617	1872114	1870396	1.01e-99	345	Parambassis ranga
CryptonV-1_CGi_1p	LR131962.1	36.771	223	127	5	404	624	10882839	10883471	2.99e-29	136	Parambassis ranga
CryptonV-1_CGi_1p	LR131965.1	34.251	581	358	9	53	617	3237383	3235665	1.18e-99	345	Parambassis ranga
CryptonV-1_CGi_1p	LR131965.1	45.455	88	47	1	62	149	31550	31290	7.34e-11	78.2	Parambassis ranga
CryptonV-1_CGi_1p	LR131965.1	24.590	305	189	7	302	602	2223203	2222400	2.91e-07	66.6	Parambassis ranga
CryptonV-1_CGi_1p	LR131966.1	34.251	581	358	9	53	617	12104	13822	1.01e-99	345	Parambassis ranga
CryptonV-1_CGi_1p	LR131973.1	34.079	581	359	9	53	617	8324900	8323182	2.81e-99	344	Parambassis ranga
CryptonV-1_CGi_1p	LR131980.1	34.251	581	358	9	53	617	1828015	1826297	8.62e-100	345	Parambassis ranga
CryptonV-1_CGi_1p	LR131980.1	36.323	223	128	5	404	624	2782238	2781606	8.06e-29	135	Parambassis ranga
CryptonV-1_CGi_1p	LR132018.2	34.755	633	360	14	5	616	536267	534465	6.56e-109	372	Betta splendens
CryptonV-1_CGi_1p	LR132038.1	37.862	552	321	9	63	603	13989131	13987509	2.91e-104	358	Anabas testudineus
CryptonV-1_CGi_1p	LR132038.1	31.653	496	323	8	118	605	24056483	24057946	7.02e-79	268	Anabas testudineus
CryptonV-1_CGi_1p	LR132038.1	45.763	59	32	0	55	113	24056298	24056474	7.02e-79	58.9	Anabas testudineus
CryptonV-1_CGi_1p	LR132038.1	32.031	512	318	10	71	565	21057892	21056396	5.58e-69	255	Anabas testudineus
CryptonV-1_CGi_1p	LR132042.1	37.862	552	321	9	63	603	1862250	1863872	2.91e-104	358	Anabas testudineus
CryptonV-1_CGi_1p	LR132046.1	35.050	602	354	14	35	615	18689796	18688039	1.15e-102	354	Anabas testudineus
CryptonV-1_CGi_1p	LR132046.1	33.790	219	115	7	407	622	3112094	3112669	1.26e-25	97.1	Anabas testudineus
CryptonV-1_CGi_1p	LR132046.1	32.877	73	49	0	310	382	3111828	3112046	1.26e-25	44.3	Anabas testudineus
CryptonV-1_CGi_1p	LR132046.1	44.828	29	16	0	280	308	3111739	3111825	1.26e-25	26.9	Anabas testudineus
CryptonV-1_CGi_1p	LR132050.1	35.050	602	354	14	35	615	12144512	12142755	1.15e-102	354	Anabas testudineus
CryptonV-1_CGi_1p	LR132050.1	31.806	371	244	5	55	419	10825069	10826172	3.11e-74	208	Anabas testudineus
CryptonV-1_CGi_1p	LR132050.1	34.463	177	109	3	431	605	10826172	10826687	3.11e-74	102	Anabas testudineus
CryptonV-1_CGi_1p	LR132050.1	37.594	266	149	7	362	615	15774602	15775384	2.64e-37	161	Anabas testudineus
CryptonV-1_CGi_1p	LR132052.1	35.050	602	354	14	35	615	7289748	7291505	1.15e-102	354	Anabas testudineus
CryptonV-1_CGi_1p	LR132056.1	36.007	561	339	9	54	602	12581704	12583362	2.71e-94	329	Anabas testudineus
CryptonV-1_CGi_1p	LR132056.1	33.333	255	161	4	355	605	18171282	18170533	5.62e-27	129	Anabas testudineus
CryptonV-1_CGi_1p	LR132056.1	32.738	168	107	2	55	218	18171801	18171304	2.85e-19	105	Anabas testudineus
CryptonV-1_CGi_1p	LR535825.1	36.757	555	331	8	60	603	20757892	20756255	6.57e-99	343	Denticeps clupeoides
CryptonV-1_CGi_1p	LR535825.1	36.296	135	79	3	45	176	19228619	19228227	1.35e-11	80.5	Denticeps clupeoides
CryptonV-1_CGi_1p	LR535841.1	35.517	580	343	11	45	603	20326443	20324734	5.36e-98	340	Mastacembelus armatus
CryptonV-1_CGi_1p	LR535841.1	30.132	531	345	12	52	570	18511579	18513129	4.42e-67	250	Mastacembelus armatus
CryptonV-1_CGi_1p	LR537121.1	35.227	616	368	12	6	602	31626327	31628138	4.62e-94	329	Sparus aurata
CryptonV-1_CGi_1p	LR537121.1	31.515	165	96	5	412	560	19119593	19119102	1.52e-09	73.9	Sparus aurata
CryptonV-1_CGi_1p	LR537121.1	33.077	130	83	2	190	316	177479	177093	1.06e-05	61.2	Sparus aurata
CryptonV-1_CGi_1p	LR537121.1	36.082	97	56	2	418	512	177075	176797	1.93e-05	60.5	Sparus aurata
CryptonV-1_CGi_1p	LR537121.1	47.917	48	25	0	436	483	125981	126124	1.3	44.7	Sparus aurata
CryptonV-1_CGi_1p	LR537124.1	35.227	616	368	12	6	602	23960338	23962149	4.62e-94	329	Sparus aurata
CryptonV-1_CGi_1p	LR537124.1	33.214	557	358	8	54	602	17872307	17873959	6.35e-89	314	Sparus aurata
CryptonV-1_CGi_1p	LR537124.1	32.939	507	318	10	124	624	39600051	39598579	4.25e-75	273	Sparus aurata
CryptonV-1_CGi_1p	LR537124.1	32.283	508	325	9	54	553	4061788	4063278	6.89e-71	261	Sparus aurata
CryptonV-1_CGi_1p	LR537124.1	30.159	189	121	5	418	602	4277013	4276468	1.56e-12	83.6	Sparus aurata
CryptonV-1_CGi_1p	LR537124.1	29.630	189	122	5	418	602	32991408	32990863	6.25e-12	81.6	Sparus aurata
CryptonV-1_CGi_1p	LR537124.1	29.101	189	123	5	418	602	13516327	13516872	2.27e-10	76.6	Sparus aurata
CryptonV-1_CGi_1p	LR537124.1	33.077	130	83	2	190	316	4277417	4277031	2.27e-05	60.5	Sparus aurata
CryptonV-1_CGi_1p	LR537124.1	33.077	130	83	2	190	316	33018838	33018452	2.95e-05	60.1	Sparus aurata
CryptonV-1_CGi_1p	LR537124.1	32.308	130	84	2	190	316	13515923	13516309	4.63e-05	59.3	Sparus aurata
CryptonV-1_CGi_1p	LR537124.1	32.308	130	84	2	190	316	32991812	32991426	0.001	55.1	Sparus aurata
CryptonV-1_CGi_1p	LR537124.1	43.939	66	33	1	418	483	33018434	33018249	0.002	53.9	Sparus aurata
CryptonV-1_CGi_1p	LR584075.1	35.813	578	346	11	53	614	8131933	8133639	4.17e-103	355	Scleropages formosus
CryptonV-1_CGi_1p	LR584084.1	35.813	578	346	11	53	614	8891588	8893294	4.17e-103	355	Scleropages formosus
CryptonV-1_CGi_1p	LR584233.2	35.016	634	365	15	1	602	12122659	12120803	5.58e-101	349	Takifugu rubripes
CryptonV-1_CGi_1p	LR584233.2	28.119	537	357	12	46	565	16141393	16139819	8.71e-55	213	Takifugu rubripes
CryptonV-1_CGi_1p	LR584233.2	38.889	54	33	0	549	602	1031654	1031815	0.054	49.3	Takifugu rubripes
CryptonV-1_CGi_1p	LR584233.2	37.037	54	34	0	549	602	106962	106801	0.41	46.6	Takifugu rubripes
CryptonV-1_CGi_1p	LR584233.2	37.037	54	34	0	549	602	75366	75205	0.42	46.2	Takifugu rubripes
CryptonV-1_CGi_1p	LR584233.2	37.037	54	34	0	549	602	138577	138416	0.45	46.2	Takifugu rubripes
CryptonV-1_CGi_1p	LR584238.1	34.858	634	366	15	1	602	10473327	10471471	1.59e-100	347	Takifugu rubripes
CryptonV-1_CGi_1p	LR584244.1	35.016	634	365	15	1	602	11820167	11818311	4.57e-101	349	Takifugu rubripes
CryptonV-1_CGi_1p	LR584246.2	35.016	634	365	15	1	602	10979159	10977303	4.57e-101	349	Takifugu rubripes
CryptonV-1_CGi_1p	LR584247.1	35.223	582	348	13	38	602	7257867	7259576	5.77e-96	334	Takifugu rubripes
CryptonV-1_CGi_1p	LR584249.2	35.223	582	348	13	38	602	7633062	7634771	4.64e-96	335	Takifugu rubripes
CryptonV-1_CGi_1p	LR597437.1	36.071	560	338	10	54	602	27816123	27817775	1.07e-101	351	Salarias fasciatus
CryptonV-1_CGi_1p	LR597445.1	34.596	607	369	10	12	602	23117077	23115293	7.47e-96	334	Salarias fasciatus
CryptonV-1_CGi_1p	LR597445.1	30.040	253	160	8	145	385	11621396	11620653	1.29e-49	98.6	Salarias fasciatus
CryptonV-1_CGi_1p	LR597445.1	35.922	103	58	3	404	503	11620594	11620301	1.29e-49	70.1	Salarias fasciatus
CryptonV-1_CGi_1p	LR597445.1	47.541	61	31	1	84	144	11621566	11621387	1.29e-49	57.8	Salarias fasciatus
CryptonV-1_CGi_1p	LR597445.1	31.313	99	60	4	506	601	11620299	11620018	1.29e-49	43.5	Salarias fasciatus
CryptonV-1_CGi_1p	LR597459.1	35.036	548	330	10	69	602	25538738	25540345	1.17e-95	333	Sphaeramia orbicularis
CryptonV-1_CGi_1p	LR597462.1	35.036	548	330	10	69	602	38682128	38680521	4.42e-96	335	Sphaeramia orbicularis
CryptonV-1_CGi_1p	LR597462.1	33.333	153	98	3	69	218	40361128	40360673	1.38e-10	77.4	Sphaeramia orbicularis
CryptonV-1_CGi_1p	LR597463.1	35.035	568	338	11	57	602	43077143	43075467	4.15e-95	332	Sphaeramia orbicularis
CryptonV-1_CGi_1p	LR597463.1	35.110	544	335	9	69	602	57483260	57481653	9.69e-95	331	Sphaeramia orbicularis
CryptonV-1_CGi_1p	LR597463.1	35.407	418	247	8	211	615	54853903	54855126	5.27e-64	241	Sphaeramia orbicularis
CryptonV-1_CGi_1p	LR597463.1	31.461	178	109	5	406	578	54934942	54935451	4.28e-27	86.7	Sphaeramia orbicularis
CryptonV-1_CGi_1p	LR597463.1	27.211	147	102	2	239	385	54934451	54934876	4.28e-27	66.6	Sphaeramia orbicularis
CryptonV-1_CGi_1p	LR597463.1	29.286	280	168	10	230	498	54857738	54858520	1.42e-12	83.6	Sphaeramia orbicularis
CryptonV-1_CGi_1p	LR597463.1	34.043	141	78	4	32	169	54857179	54857565	1.42e-07	67.4	Sphaeramia orbicularis
CryptonV-1_CGi_1p	LR597463.1	50.000	68	34	0	540	607	54858639	54858842	1.48e-07	67.4	Sphaeramia orbicularis
CryptonV-1_CGi_1p	LR597463.1	50.000	68	34	0	540	607	54939094	54939297	1.48e-07	67.4	Sphaeramia orbicularis
CryptonV-1_CGi_1p	LR597463.1	30.233	129	78	3	90	210	54852016	54852390	8.72e-07	65.1	Sphaeramia orbicularis
CryptonV-1_CGi_1p	LR597463.1	31.646	158	98	4	230	384	54938192	54938644	5.25e-06	62.4	Sphaeramia orbicularis
CryptonV-1_CGi_1p	LR597463.1	25.641	156	104	3	63	210	54932399	54932854	1.10e-04	58.2	Sphaeramia orbicularis
CryptonV-1_CGi_1p	LR597463.1	37.500	72	42	2	99	169	54937810	54938019	0.004	45.1	Sphaeramia orbicularis
CryptonV-1_CGi_1p	LR597463.1	41.935	31	18	0	66	96	54937710	54937802	0.004	26.6	Sphaeramia orbicularis
CryptonV-1_CGi_1p	LR597465.1	35.169	563	343	10	53	602	54932711	54931050	5.92e-94	328	Sphaeramia orbicularis
CryptonV-1_CGi_1p	LR597465.1	32.184	348	209	8	57	381	46364893	46363862	8.36e-40	169	Sphaeramia orbicularis
CryptonV-1_CGi_1p	LR597465.1	31.609	174	110	4	373	542	46363907	46363401	1.59e-19	91.3	Sphaeramia orbicularis
CryptonV-1_CGi_1p	LR597465.1	54.839	31	14	0	572	602	46363404	46363312	1.59e-19	36.6	Sphaeramia orbicularis
CryptonV-1_CGi_1p	LR597466.1	35.294	544	334	9	69	602	35898911	35900518	1.90e-95	333	Sphaeramia orbicularis
CryptonV-1_CGi_1p	LR597466.1	34.867	565	346	10	66	624	56336435	56338081	7.16e-94	328	Sphaeramia orbicularis
CryptonV-1_CGi_1p	LR597466.1	33.901	587	361	9	29	602	47021771	47020053	6.92e-91	320	Sphaeramia orbicularis
CryptonV-1_CGi_1p	LR597466.1	34.817	382	234	7	53	423	47044899	47043766	1.69e-79	208	Sphaeramia orbicularis
CryptonV-1_CGi_1p	LR597466.1	37.576	165	100	2	440	602	47043737	47043246	1.69e-79	120	Sphaeramia orbicularis
CryptonV-1_CGi_1p	LR597466.1	33.075	517	323	11	61	565	18147314	18145797	1.81e-77	280	Sphaeramia orbicularis
CryptonV-1_CGi_1p	LR597466.1	29.620	395	256	9	119	499	46528295	46527135	8.00e-49	175	Sphaeramia orbicularis
CryptonV-1_CGi_1p	LR597466.1	40.000	70	41	1	46	115	46528509	46528303	8.00e-49	51.2	Sphaeramia orbicularis
CryptonV-1_CGi_1p	LR597466.1	49.351	77	39	0	526	602	47088663	47088433	1.34e-41	79.7	Sphaeramia orbicularis
CryptonV-1_CGi_1p	LR597466.1	25.503	298	146	10	273	534	47089409	47088636	1.34e-41	74.3	Sphaeramia orbicularis
CryptonV-1_CGi_1p	LR597466.1	30.682	176	113	4	99	267	47089936	47089415	1.34e-41	68.6	Sphaeramia orbicularis
CryptonV-1_CGi_1p	LR597466.1	36.842	114	66	3	404	515	50274794	50275123	1.01e-19	83.6	Sphaeramia orbicularis
CryptonV-1_CGi_1p	LR597466.1	25.698	179	127	5	203	379	50274192	50274716	1.01e-19	45.1	Sphaeramia orbicularis
CryptonV-1_CGi_1p	LR597466.1	26.786	280	130	9	268	511	47089424	47088702	1.38e-09	73.9	Sphaeramia orbicularis
CryptonV-1_CGi_1p	LR597466.1	44.776	67	37	0	536	602	50276629	50276829	1.28e-05	61.2	Sphaeramia orbicularis
CryptonV-1_CGi_1p	LR597466.1	44.444	45	25	0	277	321	50274404	50274538	0.16	47.8	Sphaeramia orbicularis
CryptonV-1_CGi_1p	LR597472.1	33.677	582	356	10	52	614	19217102	19218814	9.31e-100	345	Sphaeramia orbicularis
CryptonV-1_CGi_1p	LR597472.1	36.364	539	323	11	75	602	44728973	44727384	1.58e-91	322	Sphaeramia orbicularis
CryptonV-1_CGi_1p	LR633944.1	34.759	561	349	9	51	602	14799886	14801544	1.05e-99	345	Gadus morhua
CryptonV-1_CGi_1p	LR633944.1	35.189	557	343	10	55	602	14421112	14419469	7.88e-99	343	Gadus morhua
CryptonV-1_CGi_1p	LR633944.1	34.694	588	350	12	53	619	13799820	13801544	6.80e-98	340	Gadus morhua
CryptonV-1_CGi_1p	LR633944.1	39.623	265	146	7	344	602	14811645	14812415	4.00e-67	172	Gadus morhua
CryptonV-1_CGi_1p	LR633944.1	30.653	199	125	6	142	332	14811031	14811612	4.00e-67	90.1	Gadus morhua
CryptonV-1_CGi_1p	LR633944.1	41.270	63	37	0	77	139	14810841	14811029	4.00e-67	46.2	Gadus morhua
CryptonV-1_CGi_1p	LR633944.1	29.369	412	272	6	72	472	14711774	14712985	1.80e-64	187	Gadus morhua
CryptonV-1_CGi_1p	LR633944.1	40.602	133	75	3	477	606	14713000	14713395	1.80e-64	91.3	Gadus morhua
CryptonV-1_CGi_1p	LR633944.1	34.498	229	137	5	43	265	14395519	14396184	2.51e-48	115	Gadus morhua
CryptonV-1_CGi_1p	LR633944.1	27.925	265	165	6	333	583	14396322	14397080	2.51e-48	94.0	Gadus morhua
CryptonV-1_CGi_1p	LR633944.1	45.946	37	20	0	286	322	14396213	14396323	2.51e-48	35.8	Gadus morhua
CryptonV-1_CGi_1p	LR633944.1	41.860	86	50	0	518	603	14850534	14850791	6.92e-11	78.2	Gadus morhua
CryptonV-1_CGi_1p	LR633944.1	34.343	99	56	1	404	502	14848363	14848632	2.65e-07	62.8	Gadus morhua
CryptonV-1_CGi_1p	LR633944.1	40.909	22	13	0	358	379	14848238	14848303	2.65e-07	23.5	Gadus morhua
CryptonV-1_CGi_1p	LR633944.1	37.288	59	36	1	506	564	14396852	14397025	0.77	45.4	Gadus morhua
CryptonV-1_CGi_1p	LR633944.1	40.000	65	39	0	69	133	14846549	14846743	2.0	44.3	Gadus morhua
CryptonV-1_CGi_1p	LR633948.1	35.154	586	350	12	53	619	27575257	27576981	1.64e-98	342	Gadus morhua
CryptonV-1_CGi_1p	LR633948.1	33.667	600	361	14	36	624	7553022	7554743	5.42e-84	300	Gadus morhua
CryptonV-1_CGi_1p	LR633948.1	32.549	510	321	9	71	565	24358914	24357409	2.40e-72	262	Gadus morhua
CryptonV-1_CGi_1p	LR633948.1	51.429	35	17	0	568	602	24357403	24357299	2.40e-72	42.7	Gadus morhua
CryptonV-1_CGi_1p	LR633949.1	34.364	582	356	9	53	617	6967187	6965469	3.50e-101	349	Gadus morhua
CryptonV-1_CGi_1p	LR633949.1	34.400	625	359	17	25	623	1135329	1137128	3.96e-84	300	Gadus morhua
CryptonV-1_CGi_1p	LR633949.1	33.479	457	283	10	157	603	7030339	7029002	1.77e-65	245	Gadus morhua
CryptonV-1_CGi_1p	LR633949.1	33.333	354	219	8	75	417	6991164	6992207	1.73e-37	162	Gadus morhua
CryptonV-1_CGi_1p	LR633949.1	32.000	150	98	2	454	603	7362288	7362725	6.81e-27	70.1	Gadus morhua
CryptonV-1_CGi_1p	LR633949.1	30.827	133	90	1	243	375	7361669	7362061	6.81e-27	69.3	Gadus morhua
CryptonV-1_CGi_1p	LR633949.1	37.500	56	33	1	373	426	7362052	7362219	6.81e-27	33.5	Gadus morhua
CryptonV-1_CGi_1p	LR633949.1	38.983	118	64	2	506	616	6788036	6787686	3.15e-22	88.6	Gadus morhua
CryptonV-1_CGi_1p	LR633949.1	39.062	64	36	1	440	500	6788248	6788057	3.15e-22	48.5	Gadus morhua
CryptonV-1_CGi_1p	LR633949.1	35.156	128	80	1	65	192	6790150	6789776	7.48e-15	82.4	Gadus morhua
CryptonV-1_CGi_1p	LR633949.1	32.759	58	37	2	201	257	6789716	6789546	7.48e-15	29.6	Gadus morhua
CryptonV-1_CGi_1p	LR633949.1	41.071	112	59	2	62	169	9170926	9171252	3.32e-11	79.3	Gadus morhua
CryptonV-1_CGi_1p	LR633949.1	34.911	169	97	4	17	179	6719306	6718821	1.07e-08	71.2	Gadus morhua
CryptonV-1_CGi_1p	LR633949.1	32.738	168	97	5	159	313	9171192	9171686	7.38e-08	68.6	Gadus morhua
CryptonV-1_CGi_1p	LR633949.1	38.462	65	40	0	317	381	6788404	6788210	0.079	48.9	Gadus morhua
CryptonV-1_CGi_1p	LR633950.1	34.364	582	356	9	53	617	12096353	12098071	3.50e-101	349	Gadus morhua
CryptonV-1_CGi_1p	LR633950.1	36.594	552	332	9	63	603	28203249	28201615	2.24e-97	338	Gadus morhua
CryptonV-1_CGi_1p	LR633950.1	33.438	637	377	14	10	624	26169221	26167386	1.56e-94	330	Gadus morhua
CryptonV-1_CGi_1p	LR633950.1	35.390	551	333	12	65	603	22851494	22853113	4.51e-91	320	Gadus morhua
CryptonV-1_CGi_1p	LR633950.1	33.333	297	187	7	312	603	23481576	23480704	1.04e-36	159	Gadus morhua
CryptonV-1_CGi_1p	LR633950.1	31.138	334	205	10	24	345	23482436	23481474	2.59e-28	133	Gadus morhua
CryptonV-1_CGi_1p	LR633950.1	45.918	98	52	1	506	603	12064846	12065136	1.57e-18	89.4	Gadus morhua
CryptonV-1_CGi_1p	LR633950.1	51.613	31	15	0	453	483	12064724	12064816	1.57e-18	35.4	Gadus morhua
CryptonV-1_CGi_1p	LR633951.1	35.324	586	349	12	53	619	24959634	24957910	1.12e-98	342	Gadus morhua
CryptonV-1_CGi_1p	LR633951.1	39.076	238	129	7	373	602	19553677	19554366	2.04e-64	149	Gadus morhua
CryptonV-1_CGi_1p	LR633951.1	34.197	193	114	7	80	266	19552819	19553376	2.04e-64	85.9	Gadus morhua
CryptonV-1_CGi_1p	LR633951.1	37.349	83	52	0	286	368	19553417	19553665	2.04e-64	63.9	Gadus morhua
CryptonV-1_CGi_1p	LR633953.1	34.364	582	356	9	53	617	251775	253493	3.50e-101	349	Gadus morhua
CryptonV-1_CGi_1p	LR633953.1	35.046	545	328	12	71	603	30576911	30575319	1.36e-92	325	Gadus morhua
CryptonV-1_CGi_1p	LR633953.1	33.423	371	239	5	68	434	30648319	30647219	3.52e-53	209	Gadus morhua
CryptonV-1_CGi_1p	LR633953.1	36.161	224	135	4	291	510	9399576	9398917	6.62e-29	135	Gadus morhua
CryptonV-1_CGi_1p	LR633953.1	54.098	61	28	0	542	602	9397965	9397783	1.54e-08	70.5	Gadus morhua
CryptonV-1_CGi_1p	LR633953.1	50.000	40	20	0	544	583	30547530	30547411	0.24	47.4	Gadus morhua
CryptonV-1_CGi_1p	LR633955.1	36.475	573	330	11	65	616	26710532	26708853	1.62e-103	356	Gadus morhua
CryptonV-1_CGi_1p	LR633955.1	34.438	543	333	9	75	602	27586500	27584896	1.07e-86	307	Gadus morhua
CryptonV-1_CGi_1p	LR633955.1	30.241	291	193	5	63	347	23395752	23396612	1.69e-53	144	Gadus morhua
CryptonV-1_CGi_1p	LR633955.1	36.943	157	91	3	344	497	23396602	23397057	1.69e-53	98.2	Gadus morhua
CryptonV-1_CGi_1p	LR633955.1	35.688	269	164	4	339	602	23544965	23545759	1.31e-35	156	Gadus morhua
CryptonV-1_CGi_1p	LR633955.1	43.077	130	71	2	468	594	27529717	27529328	4.10e-16	95.1	Gadus morhua
CryptonV-1_CGi_1p	LR633955.1	27.240	279	167	9	75	332	27530908	27530117	2.58e-13	86.3	Gadus morhua
CryptonV-1_CGi_1p	LR633955.1	36.752	117	66	2	505	614	23399157	23399504	8.36e-12	81.3	Gadus morhua
CryptonV-1_CGi_1p	LR633955.1	26.106	226	150	5	280	497	27530276	27529626	1.03e-10	77.8	Gadus morhua
CryptonV-1_CGi_1p	LR633955.1	28.070	114	81	1	258	371	23544726	23545064	0.039	49.7	Gadus morhua
CryptonV-1_CGi_1p	LR633956.1	34.364	582	356	9	53	617	23524931	23523213	3.50e-101	349	Gadus morhua
CryptonV-1_CGi_1p	LR633961.1	34.364	582	356	9	53	617	4642519	4644237	3.49e-101	349	Gadus morhua
CryptonV-1_CGi_1p	LR633961.1	33.438	637	377	14	10	624	101746	103581	1.56e-94	330	Gadus morhua
CryptonV-1_CGi_1p	LR633961.1	32.300	387	246	7	121	502	4141810	4142937	1.51e-51	204	Gadus morhua
CryptonV-1_CGi_1p	LR633961.1	40.909	66	33	2	48	113	4137017	4137196	0.009	52.0	Gadus morhua
CryptonV-1_CGi_1p	LR633964.1	34.871	542	338	8	68	603	1370332	1368734	1.53e-93	327	Gadus morhua
CryptonV-1_CGi_1p	LR664367.1	36.590	563	333	12	52	603	24430652	24429003	1.72e-94	330	Coregonus sp. 'balchen'
CryptonV-1_CGi_1p	LR664367.1	32.849	551	344	10	66	601	48086287	48087906	1.66e-74	271	Coregonus sp. 'balchen'
CryptonV-1_CGi_1p	LR664367.1	32.237	304	194	5	213	511	44940159	44939269	9.55e-46	157	Coregonus sp. 'balchen'
CryptonV-1_CGi_1p	LR664367.1	29.204	113	79	1	99	210	44940502	44940164	9.55e-46	58.2	Coregonus sp. 'balchen'
CryptonV-1_CGi_1p	LR664367.1	33.077	130	85	1	471	598	48098376	48098765	1.50e-14	74.7	Coregonus sp. 'balchen'
CryptonV-1_CGi_1p	LR664367.1	32.432	74	45	2	401	473	48098176	48098385	1.50e-14	36.2	Coregonus sp. 'balchen'
CryptonV-1_CGi_1p	LR664367.1	43.119	109	53	4	496	603	44939299	44938997	2.28e-11	79.7	Coregonus sp. 'balchen'
CryptonV-1_CGi_1p	LR697118.1	35.832	547	335	8	65	603	3296325	3297941	4.45e-94	329	Chanos chanos
