CryptonV-1_BTa_1p	LR131960.1	26.923	546	372	11	27	568	6784842	6786410	5.06e-48	196	Parambassis ranga
CryptonV-1_BTa_1p	LR131960.1	29.858	211	146	1	359	569	8834149	8834775	9.49e-15	91.3	Parambassis ranga
CryptonV-1_BTa_1p	LR131960.1	28.910	211	148	1	359	569	1302010	1302636	2.28e-13	87.0	Parambassis ranga
CryptonV-1_BTa_1p	LR131962.1	25.755	563	389	15	9	568	1872072	1870462	3.79e-48	197	Parambassis ranga
CryptonV-1_BTa_1p	LR131962.1	29.858	211	146	1	359	569	10882803	10883429	6.93e-15	92.0	Parambassis ranga
CryptonV-1_BTa_1p	LR131963.1	27.757	544	371	10	27	569	22324323	22322755	4.86e-46	190	Parambassis ranga
CryptonV-1_BTa_1p	LR131963.1	29.384	211	147	1	359	569	1992692	1992066	6.94e-14	88.6	Parambassis ranga
CryptonV-1_BTa_1p	LR131965.1	25.933	563	388	15	9	568	3237341	3235731	9.29e-49	199	Parambassis ranga
CryptonV-1_BTa_1p	LR131966.1	25.755	563	389	15	9	568	12146	13756	3.79e-48	197	Parambassis ranga
CryptonV-1_BTa_1p	LR131973.1	25.933	563	388	15	9	568	8324858	8323248	8.80e-49	199	Parambassis ranga
CryptonV-1_BTa_1p	LR131975.1	27.757	544	371	10	27	569	23536192	23534624	4.99e-46	190	Parambassis ranga
CryptonV-1_BTa_1p	LR131975.1	25.085	590	406	18	8	594	1400266	1401936	2.20e-37	164	Parambassis ranga
CryptonV-1_BTa_1p	LR131975.1	29.858	211	146	1	359	569	244405	245031	1.14e-14	91.3	Parambassis ranga
CryptonV-1_BTa_1p	LR131975.1	21.549	297	222	6	95	387	37400	36531	1.85e-10	77.4	Parambassis ranga
CryptonV-1_BTa_1p	LR131980.1	25.933	563	388	15	9	568	1827973	1826363	9.90e-49	199	Parambassis ranga
CryptonV-1_BTa_1p	LR131980.1	29.858	211	146	1	359	569	2782274	2781648	1.14e-14	91.3	Parambassis ranga
