CryptonV-10_CFl_1p	LR131962.1	28.544	529	339	10	97	617	1872090	1870597	1.12e-57	222	Parambassis ranga
CryptonV-10_CFl_1p	LR131962.1	28.662	157	108	1	461	617	10882833	10883291	3.69e-05	59.7	Parambassis ranga
CryptonV-10_CFl_1p	LR131965.1	28.733	529	338	10	97	617	3237359	3235866	3.08e-58	224	Parambassis ranga
CryptonV-10_CFl_1p	LR131965.1	34.524	84	54	1	101	183	31541	31290	2.19e-05	57.4	Parambassis ranga
CryptonV-10_CFl_1p	LR131965.1	25.806	31	23	0	183	213	31299	31207	2.19e-05	22.3	Parambassis ranga
CryptonV-10_CFl_1p	LR131965.1	24.569	232	128	6	341	569	2223203	2222640	0.38	46.6	Parambassis ranga
CryptonV-10_CFl_1p	LR131966.1	28.544	529	339	10	97	617	12128	13621	1.12e-57	222	Parambassis ranga
CryptonV-10_CFl_1p	LR131973.1	28.733	529	338	10	97	617	8324876	8323383	2.58e-58	224	Parambassis ranga
CryptonV-10_CFl_1p	LR131980.1	28.733	529	338	10	97	617	1827991	1826498	3.45e-58	223	Parambassis ranga
CryptonV-10_CFl_1p	LR131980.1	28.025	157	109	1	461	617	2782244	2781786	8.35e-05	58.5	Parambassis ranga
