CryptonV-12_CFl_1p	LR597466.1	24.885	655	377	14	64	710	56336429	56338072	2.62e-47	194	Sphaeramia orbicularis
CryptonV-12_CFl_1p	LR597466.1	26.984	630	360	14	71	693	47021654	47020044	6.39e-44	183	Sphaeramia orbicularis
CryptonV-12_CFl_1p	LR597466.1	24.444	585	351	13	71	653	18147284	18145797	2.11e-31	144	Sphaeramia orbicularis
CryptonV-12_CFl_1p	LR597466.1	30.357	280	156	4	431	710	35899832	35900554	1.18e-22	117	Sphaeramia orbicularis
CryptonV-12_CFl_1p	LR597466.1	32.197	264	147	10	71	325	47044845	47044123	1.92e-22	116	Sphaeramia orbicularis
CryptonV-12_CFl_1p	LR597466.1	33.520	179	107	2	532	710	47043710	47043210	3.45e-15	92.8	Sphaeramia orbicularis
CryptonV-12_CFl_1p	LR597466.1	25.436	287	181	7	71	355	35898917	35899684	5.42e-15	92.0	Sphaeramia orbicularis
CryptonV-12_CFl_1p	LR597466.1	28.837	215	115	11	95	297	47089948	47089382	1.45e-09	56.6	Sphaeramia orbicularis
CryptonV-12_CFl_1p	LR597466.1	39.583	48	21	2	52	93	47090088	47089951	1.45e-09	37.7	Sphaeramia orbicularis
CryptonV-12_CFl_1p	LR597466.1	22.535	213	122	9	119	314	46528295	46527735	2.23e-06	42.7	Sphaeramia orbicularis
CryptonV-12_CFl_1p	LR597466.1	46.512	43	23	0	71	113	46528437	46528309	2.23e-06	40.8	Sphaeramia orbicularis
CryptonV-12_CFl_1p	LR597466.1	25.000	152	87	2	431	582	46527509	46527135	3.58e-04	56.6	Sphaeramia orbicularis
CryptonV-12_CFl_1p	LR597466.1	35.052	97	55	1	614	710	47088663	47088397	0.002	53.9	Sphaeramia orbicularis
CryptonV-12_CFl_1p	LR597466.1	25.781	128	68	3	467	594	50274803	50275105	1.3	45.1	Sphaeramia orbicularis
CryptonV-12_CFl_1p	LR597466.1	35.526	76	48	1	620	694	50276617	50276844	3.3	43.9	Sphaeramia orbicularis
CryptonV-12_CFl_1p	LR597467.1	27.846	650	357	16	71	710	49171481	49173124	5.36e-52	208	Sphaeramia orbicularis
CryptonV-12_CFl_1p	LR597467.1	26.740	273	161	9	55	316	42288348	42287614	8.46e-11	78.6	Sphaeramia orbicularis
CryptonV-12_CFl_1p	LR597468.1	25.966	647	378	10	72	708	47820090	47821757	7.00e-49	198	Sphaeramia orbicularis
CryptonV-12_CFl_1p	LR597468.1	23.782	349	204	6	155	499	7712062	7712934	7.63e-21	79.0	Sphaeramia orbicularis
CryptonV-12_CFl_1p	LR597468.1	34.568	81	52	1	72	151	7711806	7712048	7.63e-21	53.5	Sphaeramia orbicularis
CryptonV-12_CFl_1p	LR597468.1	31.008	129	87	1	580	708	7713895	7714275	2.80e-06	63.5	Sphaeramia orbicularis
