CryptonV-1_CGi_1p	LR597459.1	35.036	548	330	10	69	602	25538738	25540345	1.17e-95	333	Sphaeramia orbicularis
CryptonV-1_CGi_1p	LR597462.1	35.036	548	330	10	69	602	38682128	38680521	4.42e-96	335	Sphaeramia orbicularis
CryptonV-1_CGi_1p	LR597462.1	33.333	153	98	3	69	218	40361128	40360673	1.38e-10	77.4	Sphaeramia orbicularis
CryptonV-1_CGi_1p	LR597463.1	35.035	568	338	11	57	602	43077143	43075467	4.15e-95	332	Sphaeramia orbicularis
CryptonV-1_CGi_1p	LR597463.1	35.110	544	335	9	69	602	57483260	57481653	9.69e-95	331	Sphaeramia orbicularis
CryptonV-1_CGi_1p	LR597463.1	35.407	418	247	8	211	615	54853903	54855126	5.27e-64	241	Sphaeramia orbicularis
CryptonV-1_CGi_1p	LR597463.1	31.461	178	109	5	406	578	54934942	54935451	4.28e-27	86.7	Sphaeramia orbicularis
CryptonV-1_CGi_1p	LR597463.1	27.211	147	102	2	239	385	54934451	54934876	4.28e-27	66.6	Sphaeramia orbicularis
CryptonV-1_CGi_1p	LR597463.1	29.286	280	168	10	230	498	54857738	54858520	1.42e-12	83.6	Sphaeramia orbicularis
CryptonV-1_CGi_1p	LR597463.1	34.043	141	78	4	32	169	54857179	54857565	1.42e-07	67.4	Sphaeramia orbicularis
CryptonV-1_CGi_1p	LR597463.1	50.000	68	34	0	540	607	54858639	54858842	1.48e-07	67.4	Sphaeramia orbicularis
CryptonV-1_CGi_1p	LR597463.1	50.000	68	34	0	540	607	54939094	54939297	1.48e-07	67.4	Sphaeramia orbicularis
CryptonV-1_CGi_1p	LR597463.1	30.233	129	78	3	90	210	54852016	54852390	8.72e-07	65.1	Sphaeramia orbicularis
CryptonV-1_CGi_1p	LR597463.1	31.646	158	98	4	230	384	54938192	54938644	5.25e-06	62.4	Sphaeramia orbicularis
CryptonV-1_CGi_1p	LR597463.1	25.641	156	104	3	63	210	54932399	54932854	1.10e-04	58.2	Sphaeramia orbicularis
CryptonV-1_CGi_1p	LR597463.1	37.500	72	42	2	99	169	54937810	54938019	0.004	45.1	Sphaeramia orbicularis
CryptonV-1_CGi_1p	LR597463.1	41.935	31	18	0	66	96	54937710	54937802	0.004	26.6	Sphaeramia orbicularis
CryptonV-1_CGi_1p	LR597465.1	35.169	563	343	10	53	602	54932711	54931050	5.92e-94	328	Sphaeramia orbicularis
CryptonV-1_CGi_1p	LR597465.1	32.184	348	209	8	57	381	46364893	46363862	8.36e-40	169	Sphaeramia orbicularis
CryptonV-1_CGi_1p	LR597465.1	31.609	174	110	4	373	542	46363907	46363401	1.59e-19	91.3	Sphaeramia orbicularis
CryptonV-1_CGi_1p	LR597465.1	54.839	31	14	0	572	602	46363404	46363312	1.59e-19	36.6	Sphaeramia orbicularis
CryptonV-1_CGi_1p	LR597466.1	35.294	544	334	9	69	602	35898911	35900518	1.90e-95	333	Sphaeramia orbicularis
CryptonV-1_CGi_1p	LR597466.1	34.867	565	346	10	66	624	56336435	56338081	7.16e-94	328	Sphaeramia orbicularis
CryptonV-1_CGi_1p	LR597466.1	33.901	587	361	9	29	602	47021771	47020053	6.92e-91	320	Sphaeramia orbicularis
CryptonV-1_CGi_1p	LR597466.1	34.817	382	234	7	53	423	47044899	47043766	1.69e-79	208	Sphaeramia orbicularis
CryptonV-1_CGi_1p	LR597466.1	37.576	165	100	2	440	602	47043737	47043246	1.69e-79	120	Sphaeramia orbicularis
CryptonV-1_CGi_1p	LR597466.1	33.075	517	323	11	61	565	18147314	18145797	1.81e-77	280	Sphaeramia orbicularis
CryptonV-1_CGi_1p	LR597466.1	29.620	395	256	9	119	499	46528295	46527135	8.00e-49	175	Sphaeramia orbicularis
CryptonV-1_CGi_1p	LR597466.1	40.000	70	41	1	46	115	46528509	46528303	8.00e-49	51.2	Sphaeramia orbicularis
CryptonV-1_CGi_1p	LR597466.1	49.351	77	39	0	526	602	47088663	47088433	1.34e-41	79.7	Sphaeramia orbicularis
CryptonV-1_CGi_1p	LR597466.1	25.503	298	146	10	273	534	47089409	47088636	1.34e-41	74.3	Sphaeramia orbicularis
CryptonV-1_CGi_1p	LR597466.1	30.682	176	113	4	99	267	47089936	47089415	1.34e-41	68.6	Sphaeramia orbicularis
CryptonV-1_CGi_1p	LR597466.1	36.842	114	66	3	404	515	50274794	50275123	1.01e-19	83.6	Sphaeramia orbicularis
CryptonV-1_CGi_1p	LR597466.1	25.698	179	127	5	203	379	50274192	50274716	1.01e-19	45.1	Sphaeramia orbicularis
CryptonV-1_CGi_1p	LR597466.1	26.786	280	130	9	268	511	47089424	47088702	1.38e-09	73.9	Sphaeramia orbicularis
CryptonV-1_CGi_1p	LR597466.1	44.776	67	37	0	536	602	50276629	50276829	1.28e-05	61.2	Sphaeramia orbicularis
CryptonV-1_CGi_1p	LR597466.1	44.444	45	25	0	277	321	50274404	50274538	0.16	47.8	Sphaeramia orbicularis
CryptonV-1_CGi_1p	LR597472.1	33.677	582	356	10	52	614	19217102	19218814	9.31e-100	345	Sphaeramia orbicularis
CryptonV-1_CGi_1p	LR597472.1	36.364	539	323	11	75	602	44728973	44727384	1.58e-91	322	Sphaeramia orbicularis
