CryptonV-1_BTa_1p	LR597459.1	29.247	571	376	14	2	569	25538711	25540348	1.52e-50	204	Sphaeramia orbicularis
CryptonV-1_BTa_1p	LR597461.1	26.362	569	395	9	2	569	43737984	43739621	3.14e-50	203	Sphaeramia orbicularis
CryptonV-1_BTa_1p	LR597462.1	29.072	571	377	14	2	569	38682155	38680518	5.69e-51	205	Sphaeramia orbicularis
CryptonV-1_BTa_1p	LR597463.1	29.247	571	376	14	2	569	57483287	57481650	1.64e-52	210	Sphaeramia orbicularis
CryptonV-1_BTa_1p	LR597463.1	27.580	562	375	13	13	569	43077068	43075464	2.77e-43	182	Sphaeramia orbicularis
CryptonV-1_BTa_1p	LR597463.1	22.014	427	315	6	178	593	54853909	54855168	6.31e-20	108	Sphaeramia orbicularis
CryptonV-1_BTa_1p	LR597465.1	27.368	570	376	16	9	569	54932669	54931047	1.38e-45	189	Sphaeramia orbicularis
CryptonV-1_BTa_1p	LR597466.1	29.247	571	376	14	2	569	35898884	35900521	2.32e-52	209	Sphaeramia orbicularis
CryptonV-1_BTa_1p	LR597466.1	28.120	569	371	15	5	568	56336429	56338036	1.68e-50	204	Sphaeramia orbicularis
CryptonV-1_BTa_1p	LR597466.1	26.362	569	395	9	2	569	47021687	47020050	3.14e-50	203	Sphaeramia orbicularis
CryptonV-1_BTa_1p	LR597466.1	27.103	535	349	15	6	531	18147305	18145797	2.30e-37	164	Sphaeramia orbicularis
CryptonV-1_BTa_1p	LR597466.1	25.823	395	247	16	9	389	47044857	47043769	7.17e-35	103	Sphaeramia orbicularis
CryptonV-1_BTa_1p	LR597466.1	30.058	173	119	1	397	569	47043755	47043243	7.17e-35	76.6	Sphaeramia orbicularis
CryptonV-1_BTa_1p	LR597466.1	22.864	398	290	9	73	464	46528295	46527135	5.34e-19	96.3	Sphaeramia orbicularis
CryptonV-1_BTa_1p	LR597466.1	34.783	46	25	2	1	43	46528482	46528351	5.34e-19	30.4	Sphaeramia orbicularis
CryptonV-1_BTa_1p	LR597466.1	34.286	70	46	0	500	569	47088639	47088430	0.20	47.8	Sphaeramia orbicularis
CryptonV-1_BTa_1p	LR597467.1	27.368	570	376	16	9	569	49171469	49173091	6.18e-45	187	Sphaeramia orbicularis
CryptonV-1_BTa_1p	LR597468.1	27.422	547	374	11	27	569	47820123	47821706	9.18e-50	202	Sphaeramia orbicularis
CryptonV-1_BTa_1p	LR597468.1	26.923	312	220	6	115	425	7712071	7712985	2.59e-27	117	Sphaeramia orbicularis
CryptonV-1_BTa_1p	LR597468.1	32.609	92	49	4	27	118	7711839	7712075	2.59e-27	36.6	Sphaeramia orbicularis
CryptonV-1_BTa_1p	LR597468.1	31.818	110	73	1	462	569	7713895	7714224	5.78e-07	65.9	Sphaeramia orbicularis
CryptonV-1_BTa_1p	LR597469.1	26.667	570	394	11	4	571	76013179	76011536	2.95e-50	203	Sphaeramia orbicularis
CryptonV-1_BTa_1p	LR597469.1	26.549	452	294	16	9	451	11981427	11982695	8.78e-40	129	Sphaeramia orbicularis
CryptonV-1_BTa_1p	LR597469.1	31.624	117	80	0	453	569	11982692	11983042	8.78e-40	67.0	Sphaeramia orbicularis
CryptonV-1_BTa_1p	LR597472.1	26.868	562	384	14	9	568	19217147	19218757	8.94e-50	202	Sphaeramia orbicularis
CryptonV-1_BTa_1p	LR597472.1	26.408	568	394	12	3	569	44729015	44727381	5.41e-41	175	Sphaeramia orbicularis
CryptonV-1_BTa_1p	LR597479.1	25.749	334	244	2	235	568	9655403	9654414	1.62e-44	137	Sphaeramia orbicularis
CryptonV-1_BTa_1p	LR597479.1	27.826	230	144	11	9	236	9656025	9655396	1.62e-44	74.7	Sphaeramia orbicularis
