CryptonV-11_CFl_1p	LR597461.1	30.481	561	356	12	71	618	43737936	43739555	2.46e-61	233	Sphaeramia orbicularis
CryptonV-11_CFl_1p	LR597466.1	30.481	561	356	12	71	618	47021735	47020116	2.46e-61	233	Sphaeramia orbicularis
CryptonV-11_CFl_1p	LR597466.1	28.253	538	362	11	87	620	56336426	56337979	1.11e-51	204	Sphaeramia orbicularis
CryptonV-11_CFl_1p	LR597466.1	26.111	540	359	10	96	620	35898917	35900461	1.31e-45	186	Sphaeramia orbicularis
CryptonV-11_CFl_1p	LR597466.1	27.595	395	248	13	83	458	47044893	47043766	3.38e-44	119	Sphaeramia orbicularis
CryptonV-11_CFl_1p	LR597466.1	35.664	143	89	1	478	620	47043722	47043303	3.38e-44	90.9	Sphaeramia orbicularis
CryptonV-11_CFl_1p	LR597466.1	25.468	534	352	16	89	604	18147308	18145791	1.24e-31	144	Sphaeramia orbicularis
CryptonV-11_CFl_1p	LR597466.1	23.601	411	283	10	135	531	46528319	46527138	5.71e-14	88.2	Sphaeramia orbicularis
CryptonV-11_CFl_1p	LR597466.1	44.828	58	32	0	563	620	47088663	47088490	1.25e-04	57.8	Sphaeramia orbicularis
CryptonV-11_CFl_1p	LR597466.1	26.452	155	101	5	426	576	50274755	50275192	0.005	52.8	Sphaeramia orbicularis
CryptonV-11_CFl_1p	LR597466.1	34.783	69	42	2	130	197	47089915	47089715	0.39	46.6	Sphaeramia orbicularis
CryptonV-11_CFl_1p	LR597466.1	42.222	45	26	0	576	620	50276638	50276772	7.9	42.4	Sphaeramia orbicularis
CryptonV-11_CFl_1p	LR597469.1	30.826	545	342	11	89	619	76013176	76011605	3.18e-63	238	Sphaeramia orbicularis
CryptonV-11_CFl_1p	LR597469.1	28.698	453	289	13	83	519	11981391	11982695	3.33e-43	135	Sphaeramia orbicularis
CryptonV-11_CFl_1p	LR597469.1	35.000	100	62	1	521	620	11982692	11982982	3.33e-43	71.6	Sphaeramia orbicularis
