CryptonV-10_CFl_1p	LR597461.1	29.014	517	339	8	107	620	43738017	43739492	2.57e-60	230	Sphaeramia orbicularis
CryptonV-10_CFl_1p	LR597465.1	30.798	526	320	13	107	620	54932657	54931176	1.27e-57	222	Sphaeramia orbicularis
CryptonV-10_CFl_1p	LR597465.1	27.703	296	206	6	107	398	46364818	46363943	1.49e-33	113	Sphaeramia orbicularis
CryptonV-10_CFl_1p	LR597465.1	25.287	174	126	1	430	603	46363907	46363398	1.49e-33	62.0	Sphaeramia orbicularis
CryptonV-10_CFl_1p	LR597466.1	29.014	517	339	8	107	620	47021654	47020179	2.57e-60	230	Sphaeramia orbicularis
CryptonV-10_CFl_1p	LR597466.1	28.736	522	334	9	107	620	35898917	35900392	7.63e-54	211	Sphaeramia orbicularis
CryptonV-10_CFl_1p	LR597466.1	28.008	532	333	11	102	620	56336426	56337910	9.18e-51	201	Sphaeramia orbicularis
CryptonV-10_CFl_1p	LR597466.1	30.469	384	235	9	107	482	47044845	47043766	1.73e-49	163	Sphaeramia orbicularis
CryptonV-10_CFl_1p	LR597466.1	32.117	137	89	1	484	620	47043770	47043372	1.73e-49	64.7	Sphaeramia orbicularis
CryptonV-10_CFl_1p	LR597466.1	28.407	521	336	14	107	620	18147284	18145812	2.56e-48	194	Sphaeramia orbicularis
CryptonV-10_CFl_1p	LR597466.1	22.302	417	294	9	146	553	46528325	46527138	4.42e-25	104	Sphaeramia orbicularis
CryptonV-10_CFl_1p	LR597466.1	43.636	55	31	0	97	151	46528467	46528303	4.42e-25	41.6	Sphaeramia orbicularis
CryptonV-10_CFl_1p	LR597466.1	29.167	192	110	5	130	308	47089951	47089415	4.01e-11	64.7	Sphaeramia orbicularis
CryptonV-10_CFl_1p	LR597466.1	54.167	24	11	0	106	129	47090022	47089951	4.01e-11	34.7	Sphaeramia orbicularis
CryptonV-10_CFl_1p	LR597466.1	27.778	108	78	0	461	568	50274788	50275111	0.004	53.1	Sphaeramia orbicularis
CryptonV-10_CFl_1p	LR597467.1	30.798	526	320	13	107	620	49171481	49172962	3.86e-58	223	Sphaeramia orbicularis
CryptonV-10_CFl_1p	LR597467.1	28.621	290	183	10	70	348	42288414	42287584	5.37e-21	110	Sphaeramia orbicularis
CryptonV-10_CFl_1p	LR597475.1	30.000	520	332	9	101	617	42380503	42381975	4.42e-56	217	Sphaeramia orbicularis
CryptonV-10_CFl_1p	LR597475.1	27.599	529	346	13	96	617	42398565	42400061	2.08e-50	200	Sphaeramia orbicularis
CryptonV-10_CFl_1p	LR597475.1	27.976	168	113	3	459	620	31881867	31881370	0.004	53.1	Sphaeramia orbicularis
