CryptonV-1_BTa_1p	LN590683.1	27.448	572	380	13	3	568	7987821	7986193	1.06e-48	198	Cyprinus carpio
CryptonV-1_BTa_1p	LN590683.1	30.303	264	178	3	307	568	15631117	15630338	8.02e-20	107	Cyprinus carpio
CryptonV-1_BTa_1p	LN590683.1	28.464	267	181	6	178	441	15632329	15631550	7.94e-18	101	Cyprinus carpio
CryptonV-1_BTa_1p	LN591439.1	27.163	578	383	16	1	570	1087472	1089115	1.55e-49	201	Cyprinus carpio
CryptonV-1_BTa_1p	LN591542.1	25.490	561	393	12	8	568	302334	300727	6.00e-47	193	Cyprinus carpio
CryptonV-1_BTa_1p	LN591542.1	31.343	134	76	6	8	141	168626	168273	1.04e-06	65.1	Cyprinus carpio
CryptonV-1_BTa_1p	LN592931.1	27.419	558	371	15	17	569	7071	8657	7.77e-46	189	Cyprinus carpio
CryptonV-1_BTa_1p	LN595275.1	26.568	606	403	19	1	598	120193	121908	2.31e-47	194	Cyprinus carpio
CryptonV-1_BTa_1p	LN596339.1	27.448	572	380	13	3	568	597783	596155	1.06e-48	198	Cyprinus carpio
CryptonV-1_BTa_1p	LN596729.1	27.690	567	377	12	5	568	134083	135693	2.06e-48	197	Cyprinus carpio
CryptonV-1_BTa_1p	LN598384.1	25.801	562	391	13	8	568	93436	95046	5.53e-48	196	Cyprinus carpio
