CryptonV-1_CGi_1p	LN591129.1	34.733	619	354	12	24	616	19515	21299	2.22e-104	359	Cyprinus carpio
CryptonV-1_CGi_1p	LN591542.1	35.368	557	335	12	77	624	302304	300682	1.37e-93	327	Cyprinus carpio
CryptonV-1_CGi_1p	LN591542.1	35.437	206	125	4	65	265	168629	168021	9.48e-25	122	Cyprinus carpio
CryptonV-1_CGi_1p	LN591542.1	34.444	90	57	1	349	436	167678	167409	4.35e-05	59.3	Cyprinus carpio
CryptonV-1_CGi_1p	LN591542.1	46.296	54	29	0	550	603	167111	166950	1.35e-04	57.8	Cyprinus carpio
CryptonV-1_CGi_1p	LN592931.1	37.708	541	311	10	75	602	7071	8654	1.50e-102	353	Cyprinus carpio
CryptonV-1_CGi_1p	LN593617.1	33.969	577	362	9	52	619	42101	40401	3.84e-94	329	Cyprinus carpio
CryptonV-1_CGi_1p	LN595275.1	35.506	583	358	9	31	603	120118	121842	7.60e-100	345	Cyprinus carpio
CryptonV-1_CGi_1p	LN596430.1	35.122	615	363	14	25	625	26349	24571	1.51e-95	333	Cyprinus carpio
CryptonV-1_CGi_1p	LN596729.1	35.211	568	347	9	61	616	134080	135756	4.75e-99	343	Cyprinus carpio
CryptonV-1_CGi_1p	LN596729.1	41.379	58	27	1	566	616	136803	136976	0.060	49.3	Cyprinus carpio
CryptonV-1_CGi_1p	LN598384.1	35.501	569	342	12	65	624	93433	95091	1.08e-98	342	Cyprinus carpio
